sourcemac;timestamp;x_m;y_m
437aab3f88a56f32a428df1fc6b2c140bebd28cdf7601a767854c5b41e8d52c5;1518086113.0;2.0;66.0
437aab3f88a56f32a428df1fc6b2c140bebd28cdf7601a767854c5b41e8d52c5;1518086118.0;2.0;66.0
437aab3f88a56f32a428df1fc6b2c140bebd28cdf7601a767854c5b41e8d52c5;1518086123.0;2.0;66.0
437aab3f88a56f32a428df1fc6b2c140bebd28cdf7601a767854c5b41e8d52c5;1518086128.0;-13.892192848;66.0
437aab3f88a56f32a428df1fc6b2c140bebd28cdf7601a767854c5b41e8d52c5;1518086133.0;1.89291924689;66.0
437aab3f88a56f32a428df1fc6b2c140bebd28cdf7601a767854c5b41e8d52c5;1518086138.0;-13.8929143525;97.784385696
437aab3f88a56f32a428df1fc6b2c140bebd28cdf7601a767854c5b41e8d52c5;1518086143.0;-29.8914713106;97.9985472022
437aab3f88a56f32a428df1fc6b2c140bebd28cdf7601a767854c5b41e8d52c5;1518086148.0;1.78511695659;66.2156045151
437aab3f88a56f32a428df1fc6b2c140bebd28cdf7601a767854c5b41e8d52c5;1518086153.0;-13.8936407186;66.0014527318
437aab3f88a56f32a428df1fc6b2c140bebd28cdf7601a767854c5b41e8d52c5;1518086158.0;-29.8914762048;97.7843954845
437aab3f88a56f32a428df1fc6b2c140bebd28cdf7601a767854c5b41e8d52c5;1518086163.0;-14.1070759244;66.2141615722
437aab3f88a56f32a428df1fc6b2c140bebd28cdf7601a767854c5b41e8d52c5;1518086168.0;-29.8929143199;97.7858287054
437aab3f88a56f32a428df1fc6b2c140bebd28cdf7601a767854c5b41e8d52c5;1518086173.0;-29.9992784624;66.2141712291
437aab3f88a56f32a428df1fc6b2c140bebd28cdf7601a767854c5b41e8d52c5;1518086178.0;-29.9999951383;66.0014430744
437aab3f88a56f32a428df1fc6b2c140bebd28cdf7601a767854c5b41e8d52c5;1518086183.0;-29.9999999672;97.7843954194
437aab3f88a56f32a428df1fc6b2c140bebd28cdf7601a767854c5b41e8d52c5;1518086188.0;-29.9999999998;66.2141615717
437aab3f88a56f32a428df1fc6b2c140bebd28cdf7601a767854c5b41e8d52c5;1518086198.0;-30.0;66.0000097229
437aab3f88a56f32a428df1fc6b2c140bebd28cdf7601a767854c5b41e8d52c5;1518086203.0;-30.0;97.7843857615
437aab3f88a56f32a428df1fc6b2c140bebd28cdf7601a767854c5b41e8d52c5;1518086208.0;-30.0;66.2141615067
437aab3f88a56f32a428df1fc6b2c140bebd28cdf7601a767854c5b41e8d52c5;1518086213.0;-14.107807152;66.0014430089
437aab3f88a56f32a428df1fc6b2c140bebd28cdf7601a767854c5b41e8d52c5;1518086218.0;-14.0007263989;66.0000097229
437aab3f88a56f32a428df1fc6b2c140bebd28cdf7601a767854c5b41e8d52c5;1518086223.0;1.89218795358;81.8921929135
437aab3f88a56f32a428df1fc6b2c140bebd28cdf7601a767854c5b41e8d52c5;1518086228.0;17.8914664162;66.1070807536
437aab3f88a56f32a428df1fc6b2c140bebd28cdf7601a767854c5b41e8d52c5;1518086233.0;17.9992687065;81.8929143525
437aab3f88a56f32a428df1fc6b2c140bebd28cdf7601a767854c5b41e8d52c5;1518086238.0;17.9999950726;66.1070856146
437aab3f88a56f32a428df1fc6b2c140bebd28cdf7601a767854c5b41e8d52c5;1518086243.0;17.9999999668;66.0007215372
437aab3f88a56f32a428df1fc6b2c140bebd28cdf7601a767854c5b41e8d52c5;1518086248.0;17.9999999998;81.8921977097
437aab3f88a56f32a428df1fc6b2c140bebd28cdf7601a767854c5b41e8d52c5;1518086253.0;18.0;66.1070807859
437aab3f88a56f32a428df1fc6b2c140bebd28cdf7601a767854c5b41e8d52c5;1518086258.0;49.784385696;66.0007215047
437aab3f88a56f32a428df1fc6b2c140bebd28cdf7601a767854c5b41e8d52c5;1518086263.0;49.9985472022;66.0000048615
437aab3f88a56f32a428df1fc6b2c140bebd28cdf7601a767854c5b41e8d52c5;1518086268.0;49.9999902111;66.0000000328
437aab3f88a56f32a428df1fc6b2c140bebd28cdf7601a767854c5b41e8d52c5;1518086273.0;49.999999934;66.0000000002
437aab3f88a56f32a428df1fc6b2c140bebd28cdf7601a767854c5b41e8d52c5;1518086278.0;49.9999999996;66.0
437aab3f88a56f32a428df1fc6b2c140bebd28cdf7601a767854c5b41e8d52c5;1518086283.0;65.892192848;66.0
437aab3f88a56f32a428df1fc6b2c140bebd28cdf7601a767854c5b41e8d52c5;1518086288.0;65.9992736011;66.0
437aab3f88a56f32a428df1fc6b2c140bebd28cdf7601a767854c5b41e8d52c5;1518086293.0;65.9999951056;66.0
437aab3f88a56f32a428df1fc6b2c140bebd28cdf7601a767854c5b41e8d52c5;1518086298.0;65.999999967;66.0
437aab3f88a56f32a428df1fc6b2c140bebd28cdf7601a767854c5b41e8d52c5;1518086303.0;65.9999999998;66.0
437aab3f88a56f32a428df1fc6b2c140bebd28cdf7601a767854c5b41e8d52c5;1518086308.0;66.0;66.0
437aab3f88a56f32a428df1fc6b2c140bebd28cdf7601a767854c5b41e8d52c5;1518086313.0;81.892192848;50.107807152
437aab3f88a56f32a428df1fc6b2c140bebd28cdf7601a767854c5b41e8d52c5;1518086318.0;81.9992736011;50.0007263989
437aab3f88a56f32a428df1fc6b2c140bebd28cdf7601a767854c5b41e8d52c5;1518086323.0;97.8921879536;34.1078120464
437aab3f88a56f32a428df1fc6b2c140bebd28cdf7601a767854c5b41e8d52c5;1518086328.0;66.2148878721;65.7851121279
437aab3f88a56f32a428df1fc6b2c140bebd28cdf7601a767854c5b41e8d52c5;1518086333.0;97.7858335991;34.2141664009
437aab3f88a56f32a428df1fc6b2c140bebd28cdf7601a767854c5b41e8d52c5;1518086338.0;97.9985569581;34.0014430419
437aab3f88a56f32a428df1fc6b2c140bebd28cdf7601a767854c5b41e8d52c5;1518086343.0;97.9999902769;34.0000097231
437aab3f88a56f32a428df1fc6b2c140bebd28cdf7601a767854c5b41e8d52c5;1518086348.0;97.9999999345;34.0000000655
437aab3f88a56f32a428df1fc6b2c140bebd28cdf7601a767854c5b41e8d52c5;1518086353.0;82.1078071515;34.0000000004
437aab3f88a56f32a428df1fc6b2c140bebd28cdf7601a767854c5b41e8d52c5;1518086358.0;66.1085335509;34.0
437aab3f88a56f32a428df1fc6b2c140bebd28cdf7601a767854c5b41e8d52c5;1518086363.0;81.8929241413;34.0
437aab3f88a56f32a428df1fc6b2c140bebd28cdf7601a767854c5b41e8d52c5;1518086368.0;66.1070856805;34.0
437aab3f88a56f32a428df1fc6b2c140bebd28cdf7601a767854c5b41e8d52c5;1518086373.0;66.0007215376;34.0
437aab3f88a56f32a428df1fc6b2c140bebd28cdf7601a767854c5b41e8d52c5;1518086378.0;66.0000048617;34.0
437aab3f88a56f32a428df1fc6b2c140bebd28cdf7601a767854c5b41e8d52c5;1518086383.0;66.0000000328;34.0
437aab3f88a56f32a428df1fc6b2c140bebd28cdf7601a767854c5b41e8d52c5;1518086388.0;66.0000000002;34.0
437aab3f88a56f32a428df1fc6b2c140bebd28cdf7601a767854c5b41e8d52c5;1518086393.0;66.0;18.107807152
437aab3f88a56f32a428df1fc6b2c140bebd28cdf7601a767854c5b41e8d52c5;1518086398.0;81.892192848;33.8929192469
437aab3f88a56f32a428df1fc6b2c140bebd28cdf7601a767854c5b41e8d52c5;1518086403.0;66.1070807531;33.9992784956
437aab3f88a56f32a428df1fc6b2c140bebd28cdf7601a767854c5b41e8d52c5;1518086408.0;66.0007215044;33.9999951385
437aab3f88a56f32a428df1fc6b2c140bebd28cdf7601a767854c5b41e8d52c5;1518086413.0;66.0000048615;33.9999999672
437aab3f88a56f32a428df1fc6b2c140bebd28cdf7601a767854c5b41e8d52c5;1518086418.0;81.8921928808;33.9999999998
437aab3f88a56f32a428df1fc6b2c140bebd28cdf7601a767854c5b41e8d52c5;1518086423.0;81.9992736013;34.0
437aab3f88a56f32a428df1fc6b2c140bebd28cdf7601a767854c5b41e8d52c5;1518086428.0;66.1078022575;34.0
437aab3f88a56f32a428df1fc6b2c140bebd28cdf7601a767854c5b41e8d52c5;1518086433.0;66.0007263659;34.0
437aab3f88a56f32a428df1fc6b2c140bebd28cdf7601a767854c5b41e8d52c5;1518086438.0;66.0000048942;18.107807152
437aab3f88a56f32a428df1fc6b2c140bebd28cdf7601a767854c5b41e8d52c5;1518086443.0;66.000000033;33.8929192469
437aab3f88a56f32a428df1fc6b2c140bebd28cdf7601a767854c5b41e8d52c5;1518086448.0;66.0000000002;33.9992784956
437aab3f88a56f32a428df1fc6b2c140bebd28cdf7601a767854c5b41e8d52c5;1518086453.0;97.784385696;33.9999951385
437aab3f88a56f32a428df1fc6b2c140bebd28cdf7601a767854c5b41e8d52c5;1518086458.0;66.2141615062;33.9999999672
437aab3f88a56f32a428df1fc6b2c140bebd28cdf7601a767854c5b41e8d52c5;1518086463.0;66.0014430089;33.9999999998
437aab3f88a56f32a428df1fc6b2c140bebd28cdf7601a767854c5b41e8d52c5;1518086468.0;66.0000097229;34.0
437aab3f88a56f32a428df1fc6b2c140bebd28cdf7601a767854c5b41e8d52c5;1518086473.0;97.7843857615;34.0
437aab3f88a56f32a428df1fc6b2c140bebd28cdf7601a767854c5b41e8d52c5;1518086478.0;82.1063543547;34.0
437aab3f88a56f32a428df1fc6b2c140bebd28cdf7601a767854c5b41e8d52c5;1518086483.0;97.892909458;34.0
437aab3f88a56f32a428df1fc6b2c140bebd28cdf7601a767854c5b41e8d52c5;1518086488.0;97.9992784296;34.0
437aab3f88a56f32a428df1fc6b2c140bebd28cdf7601a767854c5b41e8d52c5;1518086493.0;97.9999951381;34.0
437aab3f88a56f32a428df1fc6b2c140bebd28cdf7601a767854c5b41e8d52c5;1518086498.0;97.9999999672;34.0
437aab3f88a56f32a428df1fc6b2c140bebd28cdf7601a767854c5b41e8d52c5;1518086503.0;97.9999999998;2.21561430397
437aab3f88a56f32a428df1fc6b2c140bebd28cdf7601a767854c5b41e8d52c5;1518086508.0;98.0;33.7858384938
437aab3f88a56f32a428df1fc6b2c140bebd28cdf7601a767854c5b41e8d52c5;1518086513.0;98.0;18.1063641431
437aab3f88a56f32a428df1fc6b2c140bebd28cdf7601a767854c5b41e8d52c5;1518086518.0;98.0;18.000716676
437aab3f88a56f32a428df1fc6b2c140bebd28cdf7601a767854c5b41e8d52c5;1518086523.0;98.0;33.8921976769
437aab3f88a56f32a428df1fc6b2c140bebd28cdf7601a767854c5b41e8d52c5;1518086528.0;98.0;18.1070807856
437aab3f88a56f32a428df1fc6b2c140bebd28cdf7601a767854c5b41e8d52c5;1518086533.0;98.0;33.8929143527
437aab3f88a56f32a428df1fc6b2c140bebd28cdf7601a767854c5b41e8d52c5;1518086538.0;98.0;18.1070856146
437aab3f88a56f32a428df1fc6b2c140bebd28cdf7601a767854c5b41e8d52c5;1518086543.0;98.0;33.8929143852
437aab3f88a56f32a428df1fc6b2c140bebd28cdf7601a767854c5b41e8d52c5;1518086548.0;98.0;33.9992784628
437aab3f88a56f32a428df1fc6b2c140bebd28cdf7601a767854c5b41e8d52c5;1518086553.0;98.0;33.9999951383
437aab3f88a56f32a428df1fc6b2c140bebd28cdf7601a767854c5b41e8d52c5;1518086558.0;98.0;33.9999999672
437aab3f88a56f32a428df1fc6b2c140bebd28cdf7601a767854c5b41e8d52c5;1518086563.0;98.0;33.9999999998
437aab3f88a56f32a428df1fc6b2c140bebd28cdf7601a767854c5b41e8d52c5;1518086568.0;82.107807152;34.0
437aab3f88a56f32a428df1fc6b2c140bebd28cdf7601a767854c5b41e8d52c5;1518086573.0;66.1085335509;34.0
437aab3f88a56f32a428df1fc6b2c140bebd28cdf7601a767854c5b41e8d52c5;1518086578.0;81.8929241413;34.0
437aab3f88a56f32a428df1fc6b2c140bebd28cdf7601a767854c5b41e8d52c5;1518086588.0;81.9999951388;34.0
437aab3f88a56f32a428df1fc6b2c140bebd28cdf7601a767854c5b41e8d52c5;1518086593.0;97.8921928153;49.892192848
437aab3f88a56f32a428df1fc6b2c140bebd28cdf7601a767854c5b41e8d52c5;1518086598.0;97.9992736009;34.1070807531
437aab3f88a56f32a428df1fc6b2c140bebd28cdf7601a767854c5b41e8d52c5;1518086603.0;82.1078022575;34.0007215044
437aab3f88a56f32a428df1fc6b2c140bebd28cdf7601a767854c5b41e8d52c5;1518086608.0;66.1085335179;34.0000048615
437aab3f88a56f32a428df1fc6b2c140bebd28cdf7601a767854c5b41e8d52c5;1518086613.0;81.8929241411;34.0000000328
437aab3f88a56f32a428df1fc6b2c140bebd28cdf7601a767854c5b41e8d52c5;1518086618.0;66.1070856805;34.0000000002
437aab3f88a56f32a428df1fc6b2c140bebd28cdf7601a767854c5b41e8d52c5;1518086623.0;66.0007215376;34.0
437aab3f88a56f32a428df1fc6b2c140bebd28cdf7601a767854c5b41e8d52c5;1518086628.0;34.2156191657;81.676578544
437aab3f88a56f32a428df1fc6b2c140bebd28cdf7601a767854c5b41e8d52c5;1518086633.0;65.7858385265;34.3212422593
437aab3f88a56f32a428df1fc6b2c140bebd28cdf7601a767854c5b41e8d52c5;1518086638.0;81.8907498394;49.8943573613
437aab3f88a56f32a428df1fc6b2c140bebd28cdf7601a767854c5b41e8d52c5;1518086643.0;81.9992638782;34.1070953375
437aab3f88a56f32a428df1fc6b2c140bebd28cdf7601a767854c5b41e8d52c5;1518086648.0;81.9999950401;34.0007216027
437aab3f88a56f32a428df1fc6b2c140bebd28cdf7601a767854c5b41e8d52c5;1518086653.0;81.9999999666;34.0000048621
437aab3f88a56f32a428df1fc6b2c140bebd28cdf7601a767854c5b41e8d52c5;1518086658.0;81.9999999998;49.8921928808
437aab3f88a56f32a428df1fc6b2c140bebd28cdf7601a767854c5b41e8d52c5;1518086663.0;97.892192848;49.9992736013
437aab3f88a56f32a428df1fc6b2c140bebd28cdf7601a767854c5b41e8d52c5;1518086668.0;66.2148879051;34.1078022575
437aab3f88a56f32a428df1fc6b2c140bebd28cdf7601a767854c5b41e8d52c5;1518086673.0;81.8936407513;49.8929192139
437aab3f88a56f32a428df1fc6b2c140bebd28cdf7601a767854c5b41e8d52c5;1518086678.0;97.891476205;34.1070856473
437aab3f88a56f32a428df1fc6b2c140bebd28cdf7601a767854c5b41e8d52c5;1518086683.0;97.9992687724;34.0007215374
437aab3f88a56f32a428df1fc6b2c140bebd28cdf7601a767854c5b41e8d52c5;1518086688.0;97.999995073;34.0000048617
437aab3f88a56f32a428df1fc6b2c140bebd28cdf7601a767854c5b41e8d52c5;1518086693.0;97.9999999668;34.0000000328
437aab3f88a56f32a428df1fc6b2c140bebd28cdf7601a767854c5b41e8d52c5;1518086698.0;97.9999999998;34.0000000002
437aab3f88a56f32a428df1fc6b2c140bebd28cdf7601a767854c5b41e8d52c5;1518086703.0;98.0;2.21561430397
437aab3f88a56f32a428df1fc6b2c140bebd28cdf7601a767854c5b41e8d52c5;1518086708.0;98.0;17.8936456458
437aab3f88a56f32a428df1fc6b2c140bebd28cdf7601a767854c5b41e8d52c5;1518086713.0;98.0;2.10709054198
437aab3f88a56f32a428df1fc6b2c140bebd28cdf7601a767854c5b41e8d52c5;1518086718.0;98.0;2.0007215704
437aab3f88a56f32a428df1fc6b2c140bebd28cdf7601a767854c5b41e8d52c5;1518086723.0;98.0;2.0000048619
437aab3f88a56f32a428df1fc6b2c140bebd28cdf7601a767854c5b41e8d52c5;1518086728.0;98.0;2.00000003276
437aab3f88a56f32a428df1fc6b2c140bebd28cdf7601a767854c5b41e8d52c5;1518086733.0;98.0;2.00000000022
437aab3f88a56f32a428df1fc6b2c140bebd28cdf7601a767854c5b41e8d52c5;1518086738.0;98.0;-45.676578544
437aab3f88a56f32a428df1fc6b2c140bebd28cdf7601a767854c5b41e8d52c5;1518086743.0;98.0;-30.1056279554
437aab3f88a56f32a428df1fc6b2c140bebd28cdf7601a767854c5b41e8d52c5;1518086748.0;98.0;1.78367398046
437aab3f88a56f32a428df1fc6b2c140bebd28cdf7601a767854c5b41e8d52c5;1518086753.0;98.0;-13.8936504413
437aab3f88a56f32a428df1fc6b2c140bebd28cdf7601a767854c5b41e8d52c5;1518086758.0;98.0;-45.7836691183
437aab3f88a56f32a428df1fc6b2c140bebd28cdf7601a767854c5b41e8d52c5;1518086763.0;98.0;-14.214156678
437aab3f88a56f32a428df1fc6b2c140bebd28cdf7601a767854c5b41e8d52c5;1518086768.0;98.0;-29.8936358244
437aab3f88a56f32a428df1fc6b2c140bebd28cdf7601a767854c5b41e8d52c5;1518086773.0;98.0;-45.8914761718
437aab3f88a56f32a428df1fc6b2c140bebd28cdf7601a767854c5b41e8d52c5;1518086778.0;82.107807152;-45.9992687722
437aab3f88a56f32a428df1fc6b2c140bebd28cdf7601a767854c5b41e8d52c5;1518086783.0;82.0007263989;-45.999995073
437aab3f88a56f32a428df1fc6b2c140bebd28cdf7601a767854c5b41e8d52c5;1518086788.0;97.8921977425;-45.9999999668
437aab3f88a56f32a428df1fc6b2c140bebd28cdf7601a767854c5b41e8d52c5;1518086793.0;97.9992736341;-45.9999999998
437aab3f88a56f32a428df1fc6b2c140bebd28cdf7601a767854c5b41e8d52c5;1518086798.0;82.1078022578;-46.0
437aab3f88a56f32a428df1fc6b2c140bebd28cdf7601a767854c5b41e8d52c5;1518086803.0;82.0007263659;-61.892192848
437aab3f88a56f32a428df1fc6b2c140bebd28cdf7601a767854c5b41e8d52c5;1518086808.0;82.0000048942;-46.1070807531
437aab3f88a56f32a428df1fc6b2c140bebd28cdf7601a767854c5b41e8d52c5;1518086813.0;82.000000033;-61.8929143525
437aab3f88a56f32a428df1fc6b2c140bebd28cdf7601a767854c5b41e8d52c5;1518086818.0;82.0000000002;-46.1070856146
437aab3f88a56f32a428df1fc6b2c140bebd28cdf7601a767854c5b41e8d52c5;1518086823.0;82.0;-46.0007215372
437aab3f88a56f32a428df1fc6b2c140bebd28cdf7601a767854c5b41e8d52c5;1518086828.0;82.0;-46.0000048617
437aab3f88a56f32a428df1fc6b2c140bebd28cdf7601a767854c5b41e8d52c5;1518086833.0;82.0;-46.0000000328
437aab3f88a56f32a428df1fc6b2c140bebd28cdf7601a767854c5b41e8d52c5;1518086838.0;82.0;-46.0000000002
437aab3f88a56f32a428df1fc6b2c140bebd28cdf7601a767854c5b41e8d52c5;1518086843.0;66.107807152;-46.0
437aab3f88a56f32a428df1fc6b2c140bebd28cdf7601a767854c5b41e8d52c5;1518086848.0;81.8929192469;-46.0
437aab3f88a56f32a428df1fc6b2c140bebd28cdf7601a767854c5b41e8d52c5;1518086853.0;81.9992784956;-46.0
437aab3f88a56f32a428df1fc6b2c140bebd28cdf7601a767854c5b41e8d52c5;1518086858.0;81.9999951385;-46.0
437aab3f88a56f32a428df1fc6b2c140bebd28cdf7601a767854c5b41e8d52c5;1518086863.0;81.9999999672;-46.0
437aab3f88a56f32a428df1fc6b2c140bebd28cdf7601a767854c5b41e8d52c5;1518086868.0;81.9999999998;-46.0
437aab3f88a56f32a428df1fc6b2c140bebd28cdf7601a767854c5b41e8d52c5;1518086873.0;82.0;-46.0
437aab3f88a56f32a428df1fc6b2c140bebd28cdf7601a767854c5b41e8d52c5;1518086878.0;82.0;-46.0
437aab3f88a56f32a428df1fc6b2c140bebd28cdf7601a767854c5b41e8d52c5;1518086883.0;82.0;-46.0
437aab3f88a56f32a428df1fc6b2c140bebd28cdf7601a767854c5b41e8d52c5;1518086888.0;82.0;-46.0
437aab3f88a56f32a428df1fc6b2c140bebd28cdf7601a767854c5b41e8d52c5;1518086893.0;82.0;-46.0
437aab3f88a56f32a428df1fc6b2c140bebd28cdf7601a767854c5b41e8d52c5;1518086898.0;82.0;-46.0
437aab3f88a56f32a428df1fc6b2c140bebd28cdf7601a767854c5b41e8d52c5;1518086903.0;82.0;-46.0
437aab3f88a56f32a428df1fc6b2c140bebd28cdf7601a767854c5b41e8d52c5;1518086908.0;82.0;-46.0
437aab3f88a56f32a428df1fc6b2c140bebd28cdf7601a767854c5b41e8d52c5;1518086913.0;82.0;-46.0
437aab3f88a56f32a428df1fc6b2c140bebd28cdf7601a767854c5b41e8d52c5;1518086918.0;82.0;-46.0
437aab3f88a56f32a428df1fc6b2c140bebd28cdf7601a767854c5b41e8d52c5;1518086923.0;82.0;-46.0
437aab3f88a56f32a428df1fc6b2c140bebd28cdf7601a767854c5b41e8d52c5;1518086928.0;82.0;-46.0
437aab3f88a56f32a428df1fc6b2c140bebd28cdf7601a767854c5b41e8d52c5;1518086933.0;82.0;-46.0
437aab3f88a56f32a428df1fc6b2c140bebd28cdf7601a767854c5b41e8d52c5;1518086938.0;82.0;-46.0
437aab3f88a56f32a428df1fc6b2c140bebd28cdf7601a767854c5b41e8d52c5;1518086943.0;82.0;-46.0
437aab3f88a56f32a428df1fc6b2c140bebd28cdf7601a767854c5b41e8d52c5;1518086948.0;82.0;-46.0
437aab3f88a56f32a428df1fc6b2c140bebd28cdf7601a767854c5b41e8d52c5;1518086953.0;82.0;-46.0
437aab3f88a56f32a428df1fc6b2c140bebd28cdf7601a767854c5b41e8d52c5;1518086958.0;82.0;-46.0
437aab3f88a56f32a428df1fc6b2c140bebd28cdf7601a767854c5b41e8d52c5;1518086963.0;82.0;-46.0
437aab3f88a56f32a428df1fc6b2c140bebd28cdf7601a767854c5b41e8d52c5;1518086968.0;82.0;-46.0
437aab3f88a56f32a428df1fc6b2c140bebd28cdf7601a767854c5b41e8d52c5;1518086973.0;82.0;-46.0
437aab3f88a56f32a428df1fc6b2c140bebd28cdf7601a767854c5b41e8d52c5;1518086978.0;82.0;-46.0
437aab3f88a56f32a428df1fc6b2c140bebd28cdf7601a767854c5b41e8d52c5;1518086983.0;82.0;-46.0
437aab3f88a56f32a428df1fc6b2c140bebd28cdf7601a767854c5b41e8d52c5;1518086988.0;82.0;-46.0
437aab3f88a56f32a428df1fc6b2c140bebd28cdf7601a767854c5b41e8d52c5;1518086993.0;82.0;-46.0
437aab3f88a56f32a428df1fc6b2c140bebd28cdf7601a767854c5b41e8d52c5;1518086998.0;82.0;-46.0
437aab3f88a56f32a428df1fc6b2c140bebd28cdf7601a767854c5b41e8d52c5;1518087003.0;82.0;-46.0
437aab3f88a56f32a428df1fc6b2c140bebd28cdf7601a767854c5b41e8d52c5;1518087008.0;82.0;-46.0
437aab3f88a56f32a428df1fc6b2c140bebd28cdf7601a767854c5b41e8d52c5;1518087013.0;82.0;-61.892192848
437aab3f88a56f32a428df1fc6b2c140bebd28cdf7601a767854c5b41e8d52c5;1518087018.0;82.0;-46.1070807531
437aab3f88a56f32a428df1fc6b2c140bebd28cdf7601a767854c5b41e8d52c5;1518087023.0;82.0;-61.8929143525
437aab3f88a56f32a428df1fc6b2c140bebd28cdf7601a767854c5b41e8d52c5;1518087028.0;34.323421456;-77.8914713106
437aab3f88a56f32a428df1fc6b2c140bebd28cdf7601a767854c5b41e8d52c5;1518087033.0;65.7865648927;-62.1070758914
437aab3f88a56f32a428df1fc6b2c140bebd28cdf7601a767854c5b41e8d52c5;1518087038.0;81.8907547336;-62.0007214717
437aab3f88a56f32a428df1fc6b2c140bebd28cdf7601a767854c5b41e8d52c5;1518087043.0;66.1070710632;-62.0000048612
437aab3f88a56f32a428df1fc6b2c140bebd28cdf7601a767854c5b41e8d52c5;1518087048.0;66.0007214391;-62.0000000328
437aab3f88a56f32a428df1fc6b2c140bebd28cdf7601a767854c5b41e8d52c5;1518087053.0;66.000004861;-62.0000000002
437aab3f88a56f32a428df1fc6b2c140bebd28cdf7601a767854c5b41e8d52c5;1518087058.0;66.0000000328;-62.0
437aab3f88a56f32a428df1fc6b2c140bebd28cdf7601a767854c5b41e8d52c5;1518087063.0;66.0000000002;-62.0
437aab3f88a56f32a428df1fc6b2c140bebd28cdf7601a767854c5b41e8d52c5;1518087068.0;66.0;-62.0
437aab3f88a56f32a428df1fc6b2c140bebd28cdf7601a767854c5b41e8d52c5;1518087073.0;66.0;-62.0
437aab3f88a56f32a428df1fc6b2c140bebd28cdf7601a767854c5b41e8d52c5;1518087078.0;66.0;-62.0
437aab3f88a56f32a428df1fc6b2c140bebd28cdf7601a767854c5b41e8d52c5;1518087083.0;50.107807152;-77.892192848
437aab3f88a56f32a428df1fc6b2c140bebd28cdf7601a767854c5b41e8d52c5;1518087088.0;18.2163407028;-62.1070807531
437aab3f88a56f32a428df1fc6b2c140bebd28cdf7601a767854c5b41e8d52c5;1518087093.0;18.0014576922;-62.0007215044
437aab3f88a56f32a428df1fc6b2c140bebd28cdf7601a767854c5b41e8d52c5;1518087098.0;33.8922026699;-77.8921977095
437aab3f88a56f32a428df1fc6b2c140bebd28cdf7601a767854c5b41e8d52c5;1518087103.0;18.1070808193;-62.1070807859
437aab3f88a56f32a428df1fc6b2c140bebd28cdf7601a767854c5b41e8d52c5;1518087108.0;18.0007215049;-62.0007215047
437aab3f88a56f32a428df1fc6b2c140bebd28cdf7601a767854c5b41e8d52c5;1518087113.0;18.0000048615;-62.0000048615
437aab3f88a56f32a428df1fc6b2c140bebd28cdf7601a767854c5b41e8d52c5;1518087118.0;18.0000000328;-62.0000000328
437aab3f88a56f32a428df1fc6b2c140bebd28cdf7601a767854c5b41e8d52c5;1518087123.0;18.0000000002;-62.0000000002
437aab3f88a56f32a428df1fc6b2c140bebd28cdf7601a767854c5b41e8d52c5;1518087128.0;18.0;-62.0
437aab3f88a56f32a428df1fc6b2c140bebd28cdf7601a767854c5b41e8d52c5;1518087133.0;-29.676578544;-62.0
437aab3f88a56f32a428df1fc6b2c140bebd28cdf7601a767854c5b41e8d52c5;1518087138.0;17.6787577407;-62.0
437aab3f88a56f32a428df1fc6b2c140bebd28cdf7601a767854c5b41e8d52c5;1518087143.0;17.9978354867;-62.0
437aab3f88a56f32a428df1fc6b2c140bebd28cdf7601a767854c5b41e8d52c5;1518087148.0;2.10779256761;-62.0
437aab3f88a56f32a428df1fc6b2c140bebd28cdf7601a767854c5b41e8d52c5;1518087153.0;-29.7836593954;-62.0
437aab3f88a56f32a428df1fc6b2c140bebd28cdf7601a767854c5b41e8d52c5;1518087158.0;-29.9985423085;-62.0
437aab3f88a56f32a428df1fc6b2c140bebd28cdf7601a767854c5b41e8d52c5;1518087163.0;-45.8921830262;-77.892192848
437aab3f88a56f32a428df1fc6b2c140bebd28cdf7601a767854c5b41e8d52c5;1518087168.0;-45.9992735349;-77.9992736011
437aab3f88a56f32a428df1fc6b2c140bebd28cdf7601a767854c5b41e8d52c5;1518087173.0;-30.1078022571;-77.9999951056
437aab3f88a56f32a428df1fc6b2c140bebd28cdf7601a767854c5b41e8d52c5;1518087178.0;-61.7851120619;-62.107807119
437aab3f88a56f32a428df1fc6b2c140bebd28cdf7601a767854c5b41e8d52c5;1518087183.0;-61.9985520965;-62.0007263987
437aab3f88a56f32a428df1fc6b2c140bebd28cdf7601a767854c5b41e8d52c5;1518087188.0;-77.8921830921;-62.0000048944
437aab3f88a56f32a428df1fc6b2c140bebd28cdf7601a767854c5b41e8d52c5;1518087193.0;-77.9992735354;-62.000000033
437aab3f88a56f32a428df1fc6b2c140bebd28cdf7601a767854c5b41e8d52c5;1518087198.0;-77.9999951051;-62.0000000002
437aab3f88a56f32a428df1fc6b2c140bebd28cdf7601a767854c5b41e8d52c5;1518087203.0;-77.999999967;-62.0
437aab3f88a56f32a428df1fc6b2c140bebd28cdf7601a767854c5b41e8d52c5;1518087208.0;-77.9999999998;-46.107807152
437aab3f88a56f32a428df1fc6b2c140bebd28cdf7601a767854c5b41e8d52c5;1518087213.0;-93.892192848;-30.1085335509
437aab3f88a56f32a428df1fc6b2c140bebd28cdf7601a767854c5b41e8d52c5;1518087218.0;-62.2148879051;-61.7851169893
437aab3f88a56f32a428df1fc6b2c140bebd28cdf7601a767854c5b41e8d52c5;1518087223.0;-62.0014479033;-61.9985521297
437aab3f88a56f32a428df1fc6b2c140bebd28cdf7601a767854c5b41e8d52c5;1518087228.0;-77.8922026039;-61.9999902443
437aab3f88a56f32a428df1fc6b2c140bebd28cdf7601a767854c5b41e8d52c5;1518087233.0;-77.9992736669;-46.1078070863
437aab3f88a56f32a428df1fc6b2c140bebd28cdf7601a767854c5b41e8d52c5;1518087238.0;-62.107802258;-61.8929192464
437aab3f88a56f32a428df1fc6b2c140bebd28cdf7601a767854c5b41e8d52c5;1518087243.0;-77.8929192139;-61.9992784956
437aab3f88a56f32a428df1fc6b2c140bebd28cdf7601a767854c5b41e8d52c5;1518087248.0;-77.9992784953;-61.9999951385
437aab3f88a56f32a428df1fc6b2c140bebd28cdf7601a767854c5b41e8d52c5;1518087253.0;-62.1078022905;-61.9999999672
437aab3f88a56f32a428df1fc6b2c140bebd28cdf7601a767854c5b41e8d52c5;1518087258.0;-77.8929192141;-61.9999999998
437aab3f88a56f32a428df1fc6b2c140bebd28cdf7601a767854c5b41e8d52c5;1518087263.0;-77.9992784953;-62.0
437aab3f88a56f32a428df1fc6b2c140bebd28cdf7601a767854c5b41e8d52c5;1518087268.0;-77.9999951385;-62.0
437aab3f88a56f32a428df1fc6b2c140bebd28cdf7601a767854c5b41e8d52c5;1518087273.0;-62.1078071192;-62.0
437aab3f88a56f32a428df1fc6b2c140bebd28cdf7601a767854c5b41e8d52c5;1518087278.0;-77.8929192467;-46.107807152
437aab3f88a56f32a428df1fc6b2c140bebd28cdf7601a767854c5b41e8d52c5;1518087283.0;-77.9992784956;-46.0007263989
437aab3f88a56f32a428df1fc6b2c140bebd28cdf7601a767854c5b41e8d52c5;1518087288.0;-77.9999951385;-46.0000048944
437aab3f88a56f32a428df1fc6b2c140bebd28cdf7601a767854c5b41e8d52c5;1518087293.0;-62.1078071192;-61.892192881
437aab3f88a56f32a428df1fc6b2c140bebd28cdf7601a767854c5b41e8d52c5;1518087298.0;-62.0007263987;-61.9992736013
437aab3f88a56f32a428df1fc6b2c140bebd28cdf7601a767854c5b41e8d52c5;1518087303.0;-62.0000048944;-61.9999951056
437aab3f88a56f32a428df1fc6b2c140bebd28cdf7601a767854c5b41e8d52c5;1518087308.0;-77.892192881;-61.999999967
437aab3f88a56f32a428df1fc6b2c140bebd28cdf7601a767854c5b41e8d52c5;1518087313.0;-77.9992736013;-46.1078071518
437aab3f88a56f32a428df1fc6b2c140bebd28cdf7601a767854c5b41e8d52c5;1518087318.0;-62.1078022575;-61.8929192469
437aab3f88a56f32a428df1fc6b2c140bebd28cdf7601a767854c5b41e8d52c5;1518087323.0;-77.8929192139;-61.9992784956
437aab3f88a56f32a428df1fc6b2c140bebd28cdf7601a767854c5b41e8d52c5;1518087328.0;-77.9992784953;-61.9999951385
437aab3f88a56f32a428df1fc6b2c140bebd28cdf7601a767854c5b41e8d52c5;1518087333.0;-93.8921879866;-46.1078071192
437aab3f88a56f32a428df1fc6b2c140bebd28cdf7601a767854c5b41e8d52c5;1518087338.0;-93.9992735684;-46.0007263987
437aab3f88a56f32a428df1fc6b2c140bebd28cdf7601a767854c5b41e8d52c5;1518087343.0;-93.9999951053;-46.0000048944
437aab3f88a56f32a428df1fc6b2c140bebd28cdf7601a767854c5b41e8d52c5;1518087348.0;-93.999999967;-46.000000033
437aab3f88a56f32a428df1fc6b2c140bebd28cdf7601a767854c5b41e8d52c5;1518087353.0;-109.892192848;-14.2156143042
437aab3f88a56f32a428df1fc6b2c140bebd28cdf7601a767854c5b41e8d52c5;1518087358.0;-94.1070807531;-29.8936456458
437aab3f88a56f32a428df1fc6b2c140bebd28cdf7601a767854c5b41e8d52c5;1518087363.0;-94.0007215044;-45.891476238
437aab3f88a56f32a428df1fc6b2c140bebd28cdf7601a767854c5b41e8d52c5;1518087368.0;-94.0000048615;-30.1070759246
437aab3f88a56f32a428df1fc6b2c140bebd28cdf7601a767854c5b41e8d52c5;1518087373.0;-109.892192881;1.78366422412
437aab3f88a56f32a428df1fc6b2c140bebd28cdf7601a767854c5b41e8d52c5;1518087378.0;-109.999273601;1.99854234101
437aab3f88a56f32a428df1fc6b2c140bebd28cdf7601a767854c5b41e8d52c5;1518087383.0;-109.999995106;-13.8922026696
437aab3f88a56f32a428df1fc6b2c140bebd28cdf7601a767854c5b41e8d52c5;1518087388.0;-109.999999967;1.89291918071
437aab3f88a56f32a428df1fc6b2c140bebd28cdf7601a767854c5b41e8d52c5;1518087393.0;-110.0;1.99927849512
437aab3f88a56f32a428df1fc6b2c140bebd28cdf7601a767854c5b41e8d52c5;1518087398.0;-110.0;1.99999513854
437aab3f88a56f32a428df1fc6b2c140bebd28cdf7601a767854c5b41e8d52c5;1518087403.0;-94.107807152;33.7843856633
437aab3f88a56f32a428df1fc6b2c140bebd28cdf7601a767854c5b41e8d52c5;1518087408.0;-94.0007263989;33.998547202
437aab3f88a56f32a428df1fc6b2c140bebd28cdf7601a767854c5b41e8d52c5;1518087413.0;-109.892197742;2.21560451509
437aab3f88a56f32a428df1fc6b2c140bebd28cdf7601a767854c5b41e8d52c5;1518087418.0;-94.1070807861;33.7858384278
437aab3f88a56f32a428df1fc6b2c140bebd28cdf7601a767854c5b41e8d52c5;1518087423.0;-94.0007215047;33.9985569907
437aab3f88a56f32a428df1fc6b2c140bebd28cdf7601a767854c5b41e8d52c5;1518087428.0;-94.0000048615;33.9999902771
437aab3f88a56f32a428df1fc6b2c140bebd28cdf7601a767854c5b41e8d52c5;1518087433.0;-94.0000000328;33.9999999345
437aab3f88a56f32a428df1fc6b2c140bebd28cdf7601a767854c5b41e8d52c5;1518087438.0;-94.0000000002;33.9999999996
437aab3f88a56f32a428df1fc6b2c140bebd28cdf7601a767854c5b41e8d52c5;1518087443.0;-78.107807152;49.892192848
437aab3f88a56f32a428df1fc6b2c140bebd28cdf7601a767854c5b41e8d52c5;1518087448.0;-93.8929192469;34.1070807531
437aab3f88a56f32a428df1fc6b2c140bebd28cdf7601a767854c5b41e8d52c5;1518087453.0;-93.9992784956;34.0007215044
437aab3f88a56f32a428df1fc6b2c140bebd28cdf7601a767854c5b41e8d52c5;1518087458.0;-93.9999951385;34.0000048615
437aab3f88a56f32a428df1fc6b2c140bebd28cdf7601a767854c5b41e8d52c5;1518087463.0;-93.9999999672;34.0000000328
437aab3f88a56f32a428df1fc6b2c140bebd28cdf7601a767854c5b41e8d52c5;1518087468.0;-93.9999999998;34.0000000002
437aab3f88a56f32a428df1fc6b2c140bebd28cdf7601a767854c5b41e8d52c5;1518087473.0;-94.0;34.0
437aab3f88a56f32a428df1fc6b2c140bebd28cdf7601a767854c5b41e8d52c5;1518087478.0;-94.0;49.892192848
437aab3f88a56f32a428df1fc6b2c140bebd28cdf7601a767854c5b41e8d52c5;1518087483.0;-78.107807152;49.9992736011
437aab3f88a56f32a428df1fc6b2c140bebd28cdf7601a767854c5b41e8d52c5;1518087488.0;-78.0007263989;65.8921879536
437aab3f88a56f32a428df1fc6b2c140bebd28cdf7601a767854c5b41e8d52c5;1518087493.0;-78.0000048944;65.9992735681
437aab3f88a56f32a428df1fc6b2c140bebd28cdf7601a767854c5b41e8d52c5;1518087498.0;-62.107807185;65.9999951053
437aab3f88a56f32a428df1fc6b2c140bebd28cdf7601a767854c5b41e8d52c5;1518087503.0;-77.8929192471;65.999999967
437aab3f88a56f32a428df1fc6b2c140bebd28cdf7601a767854c5b41e8d52c5;1518087508.0;-77.9992784956;65.9999999998
437aab3f88a56f32a428df1fc6b2c140bebd28cdf7601a767854c5b41e8d52c5;1518087513.0;-77.9999951385;66.0
437aab3f88a56f32a428df1fc6b2c140bebd28cdf7601a767854c5b41e8d52c5;1518087518.0;-77.9999999672;66.0
437aab3f88a56f32a428df1fc6b2c140bebd28cdf7601a767854c5b41e8d52c5;1518087523.0;-77.9999999998;66.0
437aab3f88a56f32a428df1fc6b2c140bebd28cdf7601a767854c5b41e8d52c5;1518087528.0;-78.0;66.0
437aab3f88a56f32a428df1fc6b2c140bebd28cdf7601a767854c5b41e8d52c5;1518087533.0;-78.0;66.0
437aab3f88a56f32a428df1fc6b2c140bebd28cdf7601a767854c5b41e8d52c5;1518087538.0;-78.0;66.0
437aab3f88a56f32a428df1fc6b2c140bebd28cdf7601a767854c5b41e8d52c5;1518087543.0;-62.107807152;66.0
437aab3f88a56f32a428df1fc6b2c140bebd28cdf7601a767854c5b41e8d52c5;1518087548.0;-62.0007263989;66.0
437aab3f88a56f32a428df1fc6b2c140bebd28cdf7601a767854c5b41e8d52c5;1518087553.0;-46.1078120464;66.0
437aab3f88a56f32a428df1fc6b2c140bebd28cdf7601a767854c5b41e8d52c5;1518087558.0;-61.8929192799;66.0
437aab3f88a56f32a428df1fc6b2c140bebd28cdf7601a767854c5b41e8d52c5;1518087563.0;-46.1070856478;66.0
437aab3f88a56f32a428df1fc6b2c140bebd28cdf7601a767854c5b41e8d52c5;1518087568.0;-46.0007215374;66.0
437aab3f88a56f32a428df1fc6b2c140bebd28cdf7601a767854c5b41e8d52c5;1518087573.0;-46.0000048617;66.0
437aab3f88a56f32a428df1fc6b2c140bebd28cdf7601a767854c5b41e8d52c5;1518087578.0;-46.0000000328;66.0
437aab3f88a56f32a428df1fc6b2c140bebd28cdf7601a767854c5b41e8d52c5;1518087583.0;-30.1078071522;66.0
437aab3f88a56f32a428df1fc6b2c140bebd28cdf7601a767854c5b41e8d52c5;1518087588.0;-30.0007263989;66.0
437aab3f88a56f32a428df1fc6b2c140bebd28cdf7601a767854c5b41e8d52c5;1518087593.0;-30.0000048944;66.0
437aab3f88a56f32a428df1fc6b2c140bebd28cdf7601a767854c5b41e8d52c5;1518087598.0;-30.000000033;66.0
437aab3f88a56f32a428df1fc6b2c140bebd28cdf7601a767854c5b41e8d52c5;1518087603.0;-30.0000000002;66.0
437aab3f88a56f32a428df1fc6b2c140bebd28cdf7601a767854c5b41e8d52c5;1518087608.0;-30.0;66.0
437aab3f88a56f32a428df1fc6b2c140bebd28cdf7601a767854c5b41e8d52c5;1518087613.0;-30.0;66.0
437aab3f88a56f32a428df1fc6b2c140bebd28cdf7601a767854c5b41e8d52c5;1518087618.0;-30.0;66.0
437aab3f88a56f32a428df1fc6b2c140bebd28cdf7601a767854c5b41e8d52c5;1518087623.0;-30.0;66.0
437aab3f88a56f32a428df1fc6b2c140bebd28cdf7601a767854c5b41e8d52c5;1518087628.0;-30.0;66.0
437aab3f88a56f32a428df1fc6b2c140bebd28cdf7601a767854c5b41e8d52c5;1518087633.0;-14.107807152;66.0
437aab3f88a56f32a428df1fc6b2c140bebd28cdf7601a767854c5b41e8d52c5;1518087638.0;-14.0007263989;66.0
437aab3f88a56f32a428df1fc6b2c140bebd28cdf7601a767854c5b41e8d52c5;1518087643.0;-14.0000048944;66.0
437aab3f88a56f32a428df1fc6b2c140bebd28cdf7601a767854c5b41e8d52c5;1518087648.0;-14.000000033;66.0
437aab3f88a56f32a428df1fc6b2c140bebd28cdf7601a767854c5b41e8d52c5;1518087653.0;-14.0000000002;66.0
437aab3f88a56f32a428df1fc6b2c140bebd28cdf7601a767854c5b41e8d52c5;1518087658.0;17.784385696;66.0
437aab3f88a56f32a428df1fc6b2c140bebd28cdf7601a767854c5b41e8d52c5;1518087663.0;-13.7858384938;66.0
437aab3f88a56f32a428df1fc6b2c140bebd28cdf7601a767854c5b41e8d52c5;1518087673.0;-13.9999902771;66.0
437aab3f88a56f32a428df1fc6b2c140bebd28cdf7601a767854c5b41e8d52c5;1518087678.0;-13.9999999345;81.892192848
437aab3f88a56f32a428df1fc6b2c140bebd28cdf7601a767854c5b41e8d52c5;1518087683.0;-13.9999999996;66.1070807531
437aab3f88a56f32a428df1fc6b2c140bebd28cdf7601a767854c5b41e8d52c5;1518087688.0;-14.0;66.0007215044
437aab3f88a56f32a428df1fc6b2c140bebd28cdf7601a767854c5b41e8d52c5;1518087693.0;-14.0;97.7843905575
437aab3f88a56f32a428df1fc6b2c140bebd28cdf7601a767854c5b41e8d52c5;1518087698.0;-14.0;66.214161539
437aab3f88a56f32a428df1fc6b2c140bebd28cdf7601a767854c5b41e8d52c5;1518087703.0;-14.0;66.0014430091
437aab3f88a56f32a428df1fc6b2c140bebd28cdf7601a767854c5b41e8d52c5;1518087708.0;1.89219284801;66.0000097229
437aab3f88a56f32a428df1fc6b2c140bebd28cdf7601a767854c5b41e8d52c5;1518087713.0;-13.8929192469;66.0000000655
437aab3f88a56f32a428df1fc6b2c140bebd28cdf7601a767854c5b41e8d52c5;1518087718.0;-13.9992784956;66.0000000004
437aab3f88a56f32a428df1fc6b2c140bebd28cdf7601a767854c5b41e8d52c5;1518087723.0;-13.9999951385;66.0
437aab3f88a56f32a428df1fc6b2c140bebd28cdf7601a767854c5b41e8d52c5;1518087728.0;-13.9999999672;66.0
437aab3f88a56f32a428df1fc6b2c140bebd28cdf7601a767854c5b41e8d52c5;1518087733.0;-13.9999999998;66.0
437aab3f88a56f32a428df1fc6b2c140bebd28cdf7601a767854c5b41e8d52c5;1518087738.0;-14.0;66.0
437aab3f88a56f32a428df1fc6b2c140bebd28cdf7601a767854c5b41e8d52c5;1518087743.0;1.89219284801;66.0
437aab3f88a56f32a428df1fc6b2c140bebd28cdf7601a767854c5b41e8d52c5;1518087748.0;-13.8929192469;66.0
437aab3f88a56f32a428df1fc6b2c140bebd28cdf7601a767854c5b41e8d52c5;1518087753.0;1.89291435245;66.0
437aab3f88a56f32a428df1fc6b2c140bebd28cdf7601a767854c5b41e8d52c5;1518087758.0;1.99927846258;66.0
437aab3f88a56f32a428df1fc6b2c140bebd28cdf7601a767854c5b41e8d52c5;1518087763.0;-13.8921977097;66.0
437aab3f88a56f32a428df1fc6b2c140bebd28cdf7601a767854c5b41e8d52c5;1518087768.0;1.89291921413;66.0
437aab3f88a56f32a428df1fc6b2c140bebd28cdf7601a767854c5b41e8d52c5;1518087773.0;-13.8929143527;66.0
437aab3f88a56f32a428df1fc6b2c140bebd28cdf7601a767854c5b41e8d52c5;1518087778.0;-13.9992784626;66.0
437aab3f88a56f32a428df1fc6b2c140bebd28cdf7601a767854c5b41e8d52c5;1518087783.0;-13.9999951383;66.0
437aab3f88a56f32a428df1fc6b2c140bebd28cdf7601a767854c5b41e8d52c5;1518087788.0;1.89219288077;66.0
437aab3f88a56f32a428df1fc6b2c140bebd28cdf7601a767854c5b41e8d52c5;1518087793.0;1.99927360134;66.0
437aab3f88a56f32a428df1fc6b2c140bebd28cdf7601a767854c5b41e8d52c5;1518087798.0;-13.8921977425;66.0
437aab3f88a56f32a428df1fc6b2c140bebd28cdf7601a767854c5b41e8d52c5;1518087803.0;-13.9992736341;66.0
