sourcemac;timestamp;x_m;y_m
437aab3f88a56f32a428df1fc6b2c140bebd28cdf7601a767854c5b41e8d52c5;1518086113.0;5.0;65.0
437aab3f88a56f32a428df1fc6b2c140bebd28cdf7601a767854c5b41e8d52c5;1518086117.5;5.0;65.0
437aab3f88a56f32a428df1fc6b2c140bebd28cdf7601a767854c5b41e8d52c5;1518086122.0;5.0;65.0
437aab3f88a56f32a428df1fc6b2c140bebd28cdf7601a767854c5b41e8d52c5;1518086125.0;5.0;65.0
437aab3f88a56f32a428df1fc6b2c140bebd28cdf7601a767854c5b41e8d52c5;1518086129.5;2.6;65.0
437aab3f88a56f32a428df1fc6b2c140bebd28cdf7601a767854c5b41e8d52c5;1518086131.0;2.696;65.0
437aab3f88a56f32a428df1fc6b2c140bebd28cdf7601a767854c5b41e8d52c5;1518086134.0;2.86496;65.0
437aab3f88a56f32a428df1fc6b2c140bebd28cdf7601a767854c5b41e8d52c5;1518086138.5;3.0855296;65.0
437aab3f88a56f32a428df1fc6b2c140bebd28cdf7601a767854c5b41e8d52c5;1518086141.5;-1.461435904;70.6
437aab3f88a56f32a428df1fc6b2c140bebd28cdf7601a767854c5b41e8d52c5;1518086143.0;-8.20055087104;75.976
437aab3f88a56f32a428df1fc6b2c140bebd28cdf7601a767854c5b41e8d52c5;1518086146.0;-14.5038208098;80.95776
437aab3f88a56f32a428df1fc6b2c140bebd28cdf7601a767854c5b41e8d52c5;1518086149.0;-17.8062839285;85.4248576
437aab3f88a56f32a428df1fc6b2c140bebd28cdf7601a767854c5b41e8d52c5;1518086150.5;-22.8960030662;89.301541376
437aab3f88a56f32a428df1fc6b2c140bebd28cdf7601a767854c5b41e8d52c5;1518086153.5;-23.6919382538;88.5508267418
437aab3f88a56f32a428df1fc6b2c140bebd28cdf7601a767854c5b41e8d52c5;1518086155.0;-24.3010088737;84.5282219647
437aab3f88a56f32a428df1fc6b2c140bebd28cdf7601a767854c5b41e8d52c5;1518086158.0;-24.4162250147;80.2890092645
437aab3f88a56f32a428df1fc6b2c140bebd28cdf7601a767854c5b41e8d52c5;1518086162.5;-24.9317489269;77.2460787337
437aab3f88a56f32a428df1fc6b2c140bebd28cdf7601a767854c5b41e8d52c5;1518086171.5;-27.5068980996;79.9218911597
437aab3f88a56f32a428df1fc6b2c140bebd28cdf7601a767854c5b41e8d52c5;1518086176.0;-30.9067415137;78.5856654542
437aab3f88a56f32a428df1fc6b2c140bebd28cdf7601a767854c5b41e8d52c5;1518086179.0;-33.8703465845;77.2932582716
437aab3f88a56f32a428df1fc6b2c140bebd28cdf7601a767854c5b41e8d52c5;1518086183.5;-35.1664167777;80.0876021946
437aab3f88a56f32a428df1fc6b2c140bebd28cdf7601a767854c5b41e8d52c5;1518086186.5;-36.0366162612;80.4395732453
437aab3f88a56f32a428df1fc6b2c140bebd28cdf7601a767854c5b41e8d52c5;1518086188.0;-37.7313111976;79.143567156
437aab3f88a56f32a428df1fc6b2c140bebd28cdf7601a767854c5b41e8d52c5;1518086191.0;-39.0578146987;77.8610195983
437aab3f88a56f32a428df1fc6b2c140bebd28cdf7601a767854c5b41e8d52c5;1518086198.5;-37.6367049117;76.2405407682
437aab3f88a56f32a428df1fc6b2c140bebd28cdf7601a767854c5b41e8d52c5;1518086203.0;-34.7943488856;79.1345360734
437aab3f88a56f32a428df1fc6b2c140bebd28cdf7601a767854c5b41e8d52c5;1518086204.5;-34.2886901093;82.0043508747
437aab3f88a56f32a428df1fc6b2c140bebd28cdf7601a767854c5b41e8d52c5;1518086207.5;-30.5526154839;80.3400286807
437aab3f88a56f32a428df1fc6b2c140bebd28cdf7601a767854c5b41e8d52c5;1518086209.0;-31.3416511643;79.0349697783
437aab3f88a56f32a428df1fc6b2c140bebd28cdf7601a767854c5b41e8d52c5;1518086212.0;-27.3992136619;77.7495238652
437aab3f88a56f32a428df1fc6b2c140bebd28cdf7601a767854c5b41e8d52c5;1518086215.0;-23.6692951136;76.5311861801
437aab3f88a56f32a428df1fc6b2c140bebd28cdf7601a767854c5b41e8d52c5;1518086219.5;-20.2585884704;75.4152685849
437aab3f88a56f32a428df1fc6b2c140bebd28cdf7601a767854c5b41e8d52c5;1518086224.0;-17.239679617;74.4259237653
437aab3f88a56f32a428df1fc6b2c140bebd28cdf7601a767854c5b41e8d52c5;1518086228.5;-7.05496534963;73.577410959
437aab3f88a56f32a428df1fc6b2c140bebd28cdf7601a767854c5b41e8d52c5;1518086233.0;2.37500467826;72.8755042756
437aab3f88a56f32a428df1fc6b2c140bebd28cdf7601a767854c5b41e8d52c5;1518086237.5;10.8239805134;72.3189587578
437aab3f88a56f32a428df1fc6b2c140bebd28cdf7601a767854c5b41e8d52c5;1518086240.5;18.9502019611;73.1009639933
437aab3f88a56f32a428df1fc6b2c140bebd28cdf7601a767854c5b41e8d52c5;1518086242.0;25.0531710407;72.362529622
437aab3f88a56f32a428df1fc6b2c140bebd28cdf7601a767854c5b41e8d52c5;1518086245.0;29.9334194628;72.1172809401
437aab3f88a56f32a428df1fc6b2c140bebd28cdf7601a767854c5b41e8d52c5;1518086249.5;30.840281422;73.1563907569
437aab3f88a56f32a428df1fc6b2c140bebd28cdf7601a767854c5b41e8d52c5;1518086252.5;30.7721597324;74.2214229801
437aab3f88a56f32a428df1fc6b2c140bebd28cdf7601a767854c5b41e8d52c5;1518086254.0;32.7267759915;74.0645918394
437aab3f88a56f32a428df1fc6b2c140bebd28cdf7601a767854c5b41e8d52c5;1518086257.0;33.1813979591;79.0965432533
437aab3f88a56f32a428df1fc6b2c140bebd28cdf7601a767854c5b41e8d52c5;1518086261.5;37.8578396148;76.7182426543
437aab3f88a56f32a428df1fc6b2c140bebd28cdf7601a767854c5b41e8d52c5;1518086266.0;41.8846793547;74.266872469
437aab3f88a56f32a428df1fc6b2c140bebd28cdf7601a767854c5b41e8d52c5;1518086269.0;45.2307639725;71.8551014219
437aab3f88a56f32a428df1fc6b2c140bebd28cdf7601a767854c5b41e8d52c5;1518086273.5;49.4984011079;69.9714805274
437aab3f88a56f32a428df1fc6b2c140bebd28cdf7601a767854c5b41e8d52c5;1518086275.0;51.4525747718;67.8657245906
437aab3f88a56f32a428df1fc6b2c140bebd28cdf7601a767854c5b41e8d52c5;1518086278.0;54.3578107121;66.3864908576
437aab3f88a56f32a428df1fc6b2c140bebd28cdf7601a767854c5b41e8d52c5;1518086281.0;56.6276870359;65.1476442369
437aab3f88a56f32a428df1fc6b2c140bebd28cdf7601a767854c5b41e8d52c5;1518086287.0;61.8984806134;64.5506611709
437aab3f88a56f32a428df1fc6b2c140bebd28cdf7601a767854c5b41e8d52c5;1518086290.0;66.4791762509;64.1710482712
437aab3f88a56f32a428df1fc6b2c140bebd28cdf7601a767854c5b41e8d52c5;1518086294.5;68.7245657109;66.3805160206
437aab3f88a56f32a428df1fc6b2c140bebd28cdf7601a767854c5b41e8d52c5;1518086296.0;69.8918946504;67.0528695794
437aab3f88a56f32a428df1fc6b2c140bebd28cdf7601a767854c5b41e8d52c5;1518086297.5;74.4700820161;64.1486376431
437aab3f88a56f32a428df1fc6b2c140bebd28cdf7601a767854c5b41e8d52c5;1518086299.0;76.3938286279;64.1793065885
437aab3f88a56f32a428df1fc6b2c140bebd28cdf7601a767854c5b41e8d52c5;1518086302.0;77.7170727723;64.3166694812
437aab3f88a56f32a428df1fc6b2c140bebd28cdf7601a767854c5b41e8d52c5;1518086303.5;78.5069851769;64.5338930161
437aab3f88a56f32a428df1fc6b2c140bebd28cdf7601a767854c5b41e8d52c5;1518086305.0;80.0386356935;64.0063161234
437aab3f88a56f32a428df1fc6b2c140bebd28cdf7601a767854c5b41e8d52c5;1518086306.5;81.542410679;63.1440019643
437aab3f88a56f32a428df1fc6b2c140bebd28cdf7601a767854c5b41e8d52c5;1518086308.0;81.0437342403;63.5683905584
437aab3f88a56f32a428df1fc6b2c140bebd28cdf7601a767854c5b41e8d52c5;1518086309.5;81.4430437197;63.2451658114
437aab3f88a56f32a428df1fc6b2c140bebd28cdf7601a767854c5b41e8d52c5;1518086311.0;81.9847695544;62.5767793813
437aab3f88a56f32a428df1fc6b2c140bebd28cdf7601a767854c5b41e8d52c5;1518086314.0;82.6987594401;60.378999062
437aab3f88a56f32a428df1fc6b2c140bebd28cdf7601a767854c5b41e8d52c5;1518086315.5;86.0020009709;59.1256148441
437aab3f88a56f32a428df1fc6b2c140bebd28cdf7601a767854c5b41e8d52c5;1518086318.5;89.0045141568;58.037882876
437aab3f88a56f32a428df1fc6b2c140bebd28cdf7601a767854c5b41e8d52c5;1518086320.0;92.8463441392;44.7261819865
437aab3f88a56f32a428df1fc6b2c140bebd28cdf7601a767854c5b41e8d52c5;1518086323.0;95.0459543596;41.2877739954
437aab3f88a56f32a428df1fc6b2c140bebd28cdf7601a767854c5b41e8d52c5;1518086327.5;92.0038043615;43.7255366427
437aab3f88a56f32a428df1fc6b2c140bebd28cdf7601a767854c5b41e8d52c5;1518086332.0;93.5299321886;44.6067252949
437aab3f88a56f32a428df1fc6b2c140bebd28cdf7601a767854c5b41e8d52c5;1518086335.0;94.8096371627;42.6074072048
437aab3f88a56f32a428df1fc6b2c140bebd28cdf7601a767854c5b41e8d52c5;1518086339.5;95.8410156555;40.9436564445
437aab3f88a56f32a428df1fc6b2c140bebd28cdf7601a767854c5b41e8d52c5;1518086341.0;96.6324778235;39.6149095785
437aab3f88a56f32a428df1fc6b2c140bebd28cdf7601a767854c5b41e8d52c5;1518086342.5;98.000348445;36.2073157026
437aab3f88a56f32a428df1fc6b2c140bebd28cdf7601a767854c5b41e8d52c5;1518086344.0;98.3346310043;35.5929479738
437aab3f88a56f32a428df1fc6b2c140bebd28cdf7601a767854c5b41e8d52c5;1518086348.5;98.4686718117;35.3177358717
437aab3f88a56f32a428df1fc6b2c140bebd28cdf7601a767854c5b41e8d52c5;1518086351.5;99.237157585;32.9248567553
437aab3f88a56f32a428df1fc6b2c140bebd28cdf7601a767854c5b41e8d52c5;1518086353.0;99.0424599004;33.2535591918
437aab3f88a56f32a428df1fc6b2c140bebd28cdf7601a767854c5b41e8d52c5;1518086356.0;97.5250033566;33.0263787735
437aab3f88a56f32a428df1fc6b2c140bebd28cdf7601a767854c5b41e8d52c5;1518086359.0;95.9700379873;33.0035792878
437aab3f88a56f32a428df1fc6b2c140bebd28cdf7601a767854c5b41e8d52c5;1518086360.5;95.6472641724;33.9451965278
437aab3f88a56f32a428df1fc6b2c140bebd28cdf7601a767854c5b41e8d52c5;1518086362.0;88.1631545536;34.9806824586
437aab3f88a56f32a428df1fc6b2c140bebd28cdf7601a767854c5b41e8d52c5;1518086365.0;81.0093406764;34.449843905
437aab3f88a56f32a428df1fc6b2c140bebd28cdf7601a767854c5b41e8d52c5;1518086368.0;74.4059159476;33.9671793058
437aab3f88a56f32a428df1fc6b2c140bebd28cdf7601a767854c5b41e8d52c5;1518086372.5;68.5069395266;33.5423604543
437aab3f88a56f32a428df1fc6b2c140bebd28cdf7601a767854c5b41e8d52c5;1518086374.0;63.4074808088;31.1808109549
437aab3f88a56f32a428df1fc6b2c140bebd28cdf7601a767854c5b41e8d52c5;1518086377.0;59.1516146022;30.9643389172
437aab3f88a56f32a428df1fc6b2c140bebd28cdf7601a767854c5b41e8d52c5;1518086381.5;55.7408570528;30.8725877303
437aab3f88a56f32a428df1fc6b2c140bebd28cdf7601a767854c5b41e8d52c5;1518086386.0;53.1426167312;30.8842832716
437aab3f88a56f32a428df1fc6b2c140bebd28cdf7601a767854c5b41e8d52c5;1518086389.0;51.2983198046;30.9782683738
437aab3f88a56f32a428df1fc6b2c140bebd28cdf7601a767854c5b41e8d52c5;1518086393.5;50.1309494712;29.1343257206
437aab3f88a56f32a428df1fc6b2c140bebd28cdf7601a767854c5b41e8d52c5;1518086398.0;53.9518152256;31.0137985692
437aab3f88a56f32a428df1fc6b2c140bebd28cdf7601a767854c5b41e8d52c5;1518086401.0;59.6904352201;32.1168249053
437aab3f88a56f32a428df1fc6b2c140bebd28cdf7601a767854c5b41e8d52c5;1518086402.5;63.8537138069;33.994572978
437aab3f88a56f32a428df1fc6b2c140bebd28cdf7601a767854c5b41e8d52c5;1518086407.0;67.8701881241;35.776988517
437aab3f88a56f32a428df1fc6b2c140bebd28cdf7601a767854c5b41e8d52c5;1518086410.0;67.2085600529;35.8118414076
437aab3f88a56f32a428df1fc6b2c140bebd28cdf7601a767854c5b41e8d52c5;1518086414.5;66.3509151938;35.7272500637
437aab3f88a56f32a428df1fc6b2c140bebd28cdf7601a767854c5b41e8d52c5;1518086419.0;71.3707626987;36.350486986
437aab3f88a56f32a428df1fc6b2c140bebd28cdf7601a767854c5b41e8d52c5;1518086422.0;70.0918101948;34.0750570445
437aab3f88a56f32a428df1fc6b2c140bebd28cdf7601a767854c5b41e8d52c5;1518086426.5;74.6249757838;34.6117108095
437aab3f88a56f32a428df1fc6b2c140bebd28cdf7601a767854c5b41e8d52c5;1518086428.0;72.8265092237;35.9365653891
437aab3f88a56f32a428df1fc6b2c140bebd28cdf7601a767854c5b41e8d52c5;1518086431.0;70.8346756066;37.1989864372
437aab3f88a56f32a428df1fc6b2c140bebd28cdf7601a767854c5b41e8d52c5;1518086434.0;68.7678216887;36.7609638182
437aab3f88a56f32a428df1fc6b2c140bebd28cdf7601a767854c5b41e8d52c5;1518086440.0;66.7236256868;34.2601071703
437aab3f88a56f32a428df1fc6b2c140bebd28cdf7601a767854c5b41e8d52c5;1518086443.0;64.7793238579;35.4090175651
437aab3f88a56f32a428df1fc6b2c140bebd28cdf7601a767854c5b41e8d52c5;1518086446.0;68.9927094404;35.7517851784
437aab3f88a56f32a428df1fc6b2c140bebd28cdf7601a767854c5b41e8d52c5;1518086447.5;71.5637095288;36.8759278619
437aab3f88a56f32a428df1fc6b2c140bebd28cdf7601a767854c5b41e8d52c5;1518086452.0;69.5979612183;36.3402048942
437aab3f88a56f32a428df1fc6b2c140bebd28cdf7601a767854c5b41e8d52c5;1518086455.0;74.4014441212;34.5780183243
437aab3f88a56f32a428df1fc6b2c140bebd28cdf7601a767854c5b41e8d52c5;1518086459.5;72.1881726787;34.0651483354
437aab3f88a56f32a428df1fc6b2c140bebd28cdf7601a767854c5b41e8d52c5;1518086464.0;69.8900286176;33.6122464108
437aab3f88a56f32a428df1fc6b2c140bebd28cdf7601a767854c5b41e8d52c5;1518086467.0;67.6159122239;33.2254350148
437aab3f88a56f32a428df1fc6b2c140bebd28cdf7601a767854c5b41e8d52c5;1518086471.5;65.4519826201;32.9069684973
437aab3f88a56f32a428df1fc6b2c140bebd28cdf7601a767854c5b41e8d52c5;1518086476.0;63.4627596322;32.6559165435
437aab3f88a56f32a428df1fc6b2c140bebd28cdf7601a767854c5b41e8d52c5;1518086479.0;66.0928708566;34.0688383187
437aab3f88a56f32a428df1fc6b2c140bebd28cdf7601a767854c5b41e8d52c5;1518086482.0;72.3932450018;33.0764222061
437aab3f88a56f32a428df1fc6b2c140bebd28cdf7601a767854c5b41e8d52c5;1518086483.5;77.697814518;34.5194324277
437aab3f88a56f32a428df1fc6b2c140bebd28cdf7601a767854c5b41e8d52c5;1518086485.0;82.6335575501;35.933063308
437aab3f88a56f32a428df1fc6b2c140bebd28cdf7601a767854c5b41e8d52c5;1518086488.0;87.0768096739;37.2666454798
437aab3f88a56f32a428df1fc6b2c140bebd28cdf7601a767854c5b41e8d52c5;1518086491.0;91.7483389859;36.0828453981
437aab3f88a56f32a428df1fc6b2c140bebd28cdf7601a767854c5b41e8d52c5;1518086492.5;95.7756288761;34.8524915169
437aab3f88a56f32a428df1fc6b2c140bebd28cdf7601a767854c5b41e8d52c5;1518086495.5;99.1264356332;33.6341087512
437aab3f88a56f32a428df1fc6b2c140bebd28cdf7601a767854c5b41e8d52c5;1518086497.0;101.802023614;32.4740381885
437aab3f88a56f32a428df1fc6b2c140bebd28cdf7601a767854c5b41e8d52c5;1518086500.0;103.830413053;31.4070202109
437aab3f88a56f32a428df1fc6b2c140bebd28cdf7601a767854c5b41e8d52c5;1518086504.5;105.259908083;30.4571250204
437aab3f88a56f32a428df1fc6b2c140bebd28cdf7601a767854c5b41e8d52c5;1518086507.5;106.153107783;29.6389238671
437aab3f88a56f32a428df1fc6b2c140bebd28cdf7601a767854c5b41e8d52c5;1518086509.0;106.581543232;28.9588059898
437aab3f88a56f32a428df1fc6b2c140bebd28cdf7601a767854c5b41e8d52c5;1518086512.0;106.621029862;28.4163594484
437aab3f88a56f32a428df1fc6b2c140bebd28cdf7601a767854c5b41e8d52c5;1518086513.5;106.347777972;28.0057478374
437aab3f88a56f32a428df1fc6b2c140bebd28cdf7601a767854c5b41e8d52c5;1518086515.0;105.83526534;27.717028635
437aab3f88a56f32a428df1fc6b2c140bebd28cdf7601a767854c5b41e8d52c5;1518086516.5;105.551844622;25.5373721277
437aab3f88a56f32a428df1fc6b2c140bebd28cdf7601a767854c5b41e8d52c5;1518086518.0;105.143034262;23.5321520368
437aab3f88a56f32a428df1fc6b2c140bebd28cdf7601a767854c5b41e8d52c5;1518086521.0;104.650264604;21.7466898826
437aab3f88a56f32a428df1fc6b2c140bebd28cdf7601a767854c5b41e8d52c5;1518086524.0;104.110038293;20.2084525639
437aab3f88a56f32a428df1fc6b2c140bebd28cdf7601a767854c5b41e8d52c5;1518086525.5;103.153455712;20.9295246064
437aab3f88a56f32a428df1fc6b2c140bebd28cdf7601a767854c5b41e8d52c5;1518086528.5;102.22205142;21.8292012561
437aab3f88a56f32a428df1fc6b2c140bebd28cdf7601a767854c5b41e8d52c5;1518086530.0;101.348045929;22.8357745257
437aab3f88a56f32a428df1fc6b2c140bebd28cdf7601a767854c5b41e8d52c5;1518086533.0;100.954919699;21.8876021603
437aab3f88a56f32a428df1fc6b2c140bebd28cdf7601a767854c5b41e8d52c5;1518086536.0;100.242221927;23.0135601816
437aab3f88a56f32a428df1fc6b2c140bebd28cdf7601a767854c5b41e8d52c5;1518086537.5;99.6223748322;24.1537841913
437aab3f88a56f32a428df1fc6b2c140bebd28cdf7601a767854c5b41e8d52c5;1518086540.5;99.1016021632;25.2598120315
437aab3f88a56f32a428df1fc6b2c140bebd28cdf7601a767854c5b41e8d52c5;1518086542.0;99.0809199415;24.2942418224
437aab3f88a56f32a428df1fc6b2c140bebd28cdf7601a767854c5b41e8d52c5;1518086545.0;99.1411373665;23.3100159822
437aab3f88a56f32a428df1fc6b2c140bebd28cdf7601a767854c5b41e8d52c5;1518086546.5;98.8636658118;24.3502346707
437aab3f88a56f32a428df1fc6b2c140bebd28cdf7601a767854c5b41e8d52c5;1518086549.5;99.0471419356;23.3684002347
437aab3f88a56f32a428df1fc6b2c140bebd28cdf7601a767854c5b41e8d52c5;1518086551.0;98.8720371572;24.4081966765
437aab3f88a56f32a428df1fc6b2c140bebd28cdf7601a767854c5b41e8d52c5;1518086552.5;98.7370718482;25.4237059629
437aab3f88a56f32a428df1fc6b2c140bebd28cdf7601a767854c5b41e8d52c5;1518086554.0;98.6396167271;26.3791651535
437aab3f88a56f32a428df1fc6b2c140bebd28cdf7601a767854c5b41e8d52c5;1518086557.0;98.5760679611;27.2483658999
437aab3f88a56f32a428df1fc6b2c140bebd28cdf7601a767854c5b41e8d52c5;1518086558.5;98.5421862298;28.0137918609
437aab3f88a56f32a428df1fc6b2c140bebd28cdf7601a767854c5b41e8d52c5;1518086563.0;98.5333933957;28.6655809554
437aab3f88a56f32a428df1fc6b2c140bebd28cdf7601a767854c5b41e8d52c5;1518086566.0;95.3450233925;32.4003889927
437aab3f88a56f32a428df1fc6b2c140bebd28cdf7601a767854c5b41e8d52c5;1518086570.5;93.5005264543;34.2922198628
437aab3f88a56f32a428df1fc6b2c140bebd28cdf7601a767854c5b41e8d52c5;1518086575.0;85.8449078455;35.1139957645
437aab3f88a56f32a428df1fc6b2c140bebd28cdf7601a767854c5b41e8d52c5;1518086578.0;78.6466166447;37.2868566552
437aab3f88a56f32a428df1fc6b2c140bebd28cdf7601a767854c5b41e8d52c5;1518086579.5;69.7021190182;39.1736711015
437aab3f88a56f32a428df1fc6b2c140bebd28cdf7601a767854c5b41e8d52c5;1518086587.0;64.0384361563;39.1561758145
437aab3f88a56f32a428df1fc6b2c140bebd28cdf7601a767854c5b41e8d52c5;1518086591.5;59.3059524206;36.8959325524
437aab3f88a56f32a428df1fc6b2c140bebd28cdf7601a767854c5b41e8d52c5;1518086596.0;60.3077273351;38.9319006406
437aab3f88a56f32a428df1fc6b2c140bebd28cdf7601a767854c5b41e8d52c5;1518086599.0;64.4168381734;40.0033990855
437aab3f88a56f32a428df1fc6b2c140bebd28cdf7601a767854c5b41e8d52c5;1518086603.5;66.127453317;40.900461878
437aab3f88a56f32a428df1fc6b2c140bebd28cdf7601a767854c5b41e8d52c5;1518086605.0;63.6908472993;41.6220936369
437aab3f88a56f32a428df1fc6b2c140bebd28cdf7601a767854c5b41e8d52c5;1518086608.0;61.5539285931;42.1745152985
437aab3f88a56f32a428df1fc6b2c140bebd28cdf7601a767854c5b41e8d52c5;1518086611.0;66.9422364845;42.5694720159
437aab3f88a56f32a428df1fc6b2c140bebd28cdf7601a767854c5b41e8d52c5;1518086612.5;62.7751933381;42.8226585092
437aab3f88a56f32a428df1fc6b2c140bebd28cdf7601a767854c5b41e8d52c5;1518086615.5;68.4105510876;42.9523013634
437aab3f88a56f32a428df1fc6b2c140bebd28cdf7601a767854c5b41e8d52c5;1518086617.0;73.1824152436;43.7779235923
437aab3f88a56f32a428df1fc6b2c140bebd28cdf7601a767854c5b41e8d52c5;1518086620.0;71.3126099587;42.0873044317
437aab3f88a56f32a428df1fc6b2c140bebd28cdf7601a767854c5b41e8d52c5;1518086623.0;76.5242613324;41.9713169259
437aab3f88a56f32a428df1fc6b2c140bebd28cdf7601a767854c5b41e8d52c5;1518086624.5;74.2326119781;40.2396742443
437aab3f88a56f32a428df1fc6b2c140bebd28cdf7601a767854c5b41e8d52c5;1518086629.0;67.3899880155;48.5647731292
437aab3f88a56f32a428df1fc6b2c140bebd28cdf7601a767854c5b41e8d52c5;1518086632.0;65.1002893248;46.602261312
437aab3f88a56f32a428df1fc6b2c140bebd28cdf7601a767854c5b41e8d52c5;1518086635.0;69.0245187993;45.2881614057
437aab3f88a56f32a428df1fc6b2c140bebd28cdf7601a767854c5b41e8d52c5;1518086636.5;72.1629216269;43.1053550245
437aab3f88a56f32a428df1fc6b2c140bebd28cdf7601a767854c5b41e8d52c5;1518086641.0;74.7871270239;43.3548957185
437aab3f88a56f32a428df1fc6b2c140bebd28cdf7601a767854c5b41e8d52c5;1518086644.0;76.8150062605;42.820332445
437aab3f88a56f32a428df1fc6b2c140bebd28cdf7601a767854c5b41e8d52c5;1518086650.0;78.6047093994;42.3198685284
437aab3f88a56f32a428df1fc6b2c140bebd28cdf7601a767854c5b41e8d52c5;1518086653.0;80.1322835346;41.8667026539
437aab3f88a56f32a428df1fc6b2c140bebd28cdf7601a767854c5b41e8d52c5;1518086657.5;81.3890515013;41.4695018482
437aab3f88a56f32a428df1fc6b2c140bebd28cdf7601a767854c5b41e8d52c5;1518086662.0;82.7789038146;41.9329611298
437aab3f88a56f32a428df1fc6b2c140bebd28cdf7601a767854c5b41e8d52c5;1518086665.0;83.4996295127;41.6264101098
437aab3f88a56f32a428df1fc6b2c140bebd28cdf7601a767854c5b41e8d52c5;1518086669.5;83.9762248907;41.3561128894
437aab3f88a56f32a428df1fc6b2c140bebd28cdf7601a767854c5b41e8d52c5;1518086672.5;84.6384521974;41.9256305975
437aab3f88a56f32a428df1fc6b2c140bebd28cdf7601a767854c5b41e8d52c5;1518086674.0;81.5026959549;44.5042195401
437aab3f88a56f32a428df1fc6b2c140bebd28cdf7601a767854c5b41e8d52c5;1518086677.0;83.1339831227;43.3869219126
437aab3f88a56f32a428df1fc6b2c140bebd28cdf7601a767854c5b41e8d52c5;1518086681.5;85.873653532;43.0376069341
437aab3f88a56f32a428df1fc6b2c140bebd28cdf7601a767854c5b41e8d52c5;1518086684.5;89.2304437182;40.2766506739
437aab3f88a56f32a428df1fc6b2c140bebd28cdf7601a767854c5b41e8d52c5;1518086686.0;92.3066581184;37.6168196388
437aab3f88a56f32a428df1fc6b2c140bebd28cdf7601a767854c5b41e8d52c5;1518086689.0;95.0353633139;35.1442820252
437aab3f88a56f32a428df1fc6b2c140bebd28cdf7601a767854c5b41e8d52c5;1518086692.0;97.3769129377;32.9204806532
437aab3f88a56f32a428df1fc6b2c140bebd28cdf7601a767854c5b41e8d52c5;1518086693.5;99.7150761192;28.9846203296
437aab3f88a56f32a428df1fc6b2c140bebd28cdf7601a767854c5b41e8d52c5;1518086695.0;101.23700362;27.4365472575
437aab3f88a56f32a428df1fc6b2c140bebd28cdf7601a767854c5b41e8d52c5;1518086696.5;102.365065475;26.2606269095
437aab3f88a56f32a428df1fc6b2c140bebd28cdf7601a767854c5b41e8d52c5;1518086698.0;103.532912341;23.4294655547
437aab3f88a56f32a428df1fc6b2c140bebd28cdf7601a767854c5b41e8d52c5;1518086701.0;103.965873339;22.9873578487
437aab3f88a56f32a428df1fc6b2c140bebd28cdf7601a767854c5b41e8d52c5;1518086702.5;103.313607205;25.27417737
437aab3f88a56f32a428df1fc6b2c140bebd28cdf7601a767854c5b41e8d52c5;1518086705.5;103.259250009;25.3326658922
437aab3f88a56f32a428df1fc6b2c140bebd28cdf7601a767854c5b41e8d52c5;1518086707.0;103.445394252;23.5261500742
437aab3f88a56f32a428df1fc6b2c140bebd28cdf7601a767854c5b41e8d52c5;1518086710.0;103.496493876;21.8998914169
437aab3f88a56f32a428df1fc6b2c140bebd28cdf7601a767854c5b41e8d52c5;1518086714.5;103.437513821;20.4828888344
437aab3f88a56f32a428df1fc6b2c140bebd28cdf7601a767854c5b41e8d52c5;1518086716.0;100.892829223;5.689971215
437aab3f88a56f32a428df1fc6b2c140bebd28cdf7601a767854c5b41e8d52c5;1518086717.5;100.781368376;-1.93196172912
437aab3f88a56f32a428df1fc6b2c140bebd28cdf7601a767854c5b41e8d52c5;1518086719.0;100.700944964;-6.23222961524
437aab3f88a56f32a428df1fc6b2c140bebd28cdf7601a767854c5b41e8d52c5;1518086722.0;100.648568435;-4.82315473954
437aab3f88a56f32a428df1fc6b2c140bebd28cdf7601a767854c5b41e8d52c5;1518086723.5;99.4207244752;-14.3429686494
437aab3f88a56f32a428df1fc6b2c140bebd28cdf7601a767854c5b41e8d52c5;1518086726.5;99.461620328;-16.1451010313
437aab3f88a56f32a428df1fc6b2c140bebd28cdf7601a767854c5b41e8d52c5;1518086728.0;99.5558721971;-17.1410028956
437aab3f88a56f32a428df1fc6b2c140bebd28cdf7601a767854c5b41e8d52c5;1518086731.0;99.6890388045;-17.4520842712
437aab3f88a56f32a428df1fc6b2c140bebd28cdf7601a767854c5b41e8d52c5;1518086734.0;98.6480105382;-16.0028660008
437aab3f88a56f32a428df1fc6b2c140bebd28cdf7601a767854c5b41e8d52c5;1518086735.5;98.8692675037;-15.3633767445
437aab3f88a56f32a428df1fc6b2c140bebd28cdf7601a767854c5b41e8d52c5;1518086740.0;99.1315023759;-14.4372502696
437aab3f88a56f32a428df1fc6b2c140bebd28cdf7601a767854c5b41e8d52c5;1518086743.0;98.2160301787;-20.118859079
437aab3f88a56f32a428df1fc6b2c140bebd28cdf7601a767854c5b41e8d52c5;1518086746.0;98.1550112137;-23.4193917633
437aab3f88a56f32a428df1fc6b2c140bebd28cdf7601a767854c5b41e8d52c5;1518086747.5;98.5399955932;-23.8830422402
437aab3f88a56f32a428df1fc6b2c140bebd28cdf7601a767854c5b41e8d52c5;1518086750.5;98.5463832731;-26.3786409321
437aab3f88a56f32a428df1fc6b2c140bebd28cdf7601a767854c5b41e8d52c5;1518086752.0;97.769638086;-30.4799742484
437aab3f88a56f32a428df1fc6b2c140bebd28cdf7601a767854c5b41e8d52c5;1518086755.0;98.237456413;-29.7018419315
437aab3f88a56f32a428df1fc6b2c140bebd28cdf7601a767854c5b41e8d52c5;1518086759.5;98.722212818;-28.5712624007
437aab3f88a56f32a428df1fc6b2c140bebd28cdf7601a767854c5b41e8d52c5;1518086761.0;98.0011294293;-31.60394828
437aab3f88a56f32a428df1fc6b2c140bebd28cdf7601a767854c5b41e8d52c5;1518086762.5;98.5042175412;-29.9259390523
437aab3f88a56f32a428df1fc6b2c140bebd28cdf7601a767854c5b41e8d52c5;1518086764.0;99.006519329;-28.066494108
437aab3f88a56f32a428df1fc6b2c140bebd28cdf7601a767854c5b41e8d52c5;1518086767.0;99.0880999861;-28.5362783882
437aab3f88a56f32a428df1fc6b2c140bebd28cdf7601a767854c5b41e8d52c5;1518086768.5;98.3498405124;-30.9306546769
437aab3f88a56f32a428df1fc6b2c140bebd28cdf7601a767854c5b41e8d52c5;1518086770.0;98.8252393129;-28.7689295208
437aab3f88a56f32a428df1fc6b2c140bebd28cdf7601a767854c5b41e8d52c5;1518086771.5;98.8925487808;-28.968792215
437aab3f88a56f32a428df1fc6b2c140bebd28cdf7601a767854c5b41e8d52c5;1518086773.0;98.1506944039;-31.1299306818
437aab3f88a56f32a428df1fc6b2c140bebd28cdf7601a767854c5b41e8d52c5;1518086776.0;97.4311831262;-33.173644228
437aab3f88a56f32a428df1fc6b2c140bebd28cdf7601a767854c5b41e8d52c5;1518086780.5;96.758326779;-35.0416692958
437aab3f88a56f32a428df1fc6b2c140bebd28cdf7601a767854c5b41e8d52c5;1518086783.5;99.74970863;-32.6944225783
437aab3f88a56f32a428df1fc6b2c140bebd28cdf7601a767854c5b41e8d52c5;1518086785.0;102.672825766;-30.2688483011
437aab3f88a56f32a428df1fc6b2c140bebd28cdf7601a767854c5b41e8d52c5;1518086788.0;101.824406444;-31.8776349473
437aab3f88a56f32a428df1fc6b2c140bebd28cdf7601a767854c5b41e8d52c5;1518086789.5;104.472694728;-29.4495588663
437aab3f88a56f32a428df1fc6b2c140bebd28cdf7601a767854c5b41e8d52c5;1518086792.5;103.332417567;-31.0891156469
437aab3f88a56f32a428df1fc6b2c140bebd28cdf7601a767854c5b41e8d52c5;1518086794.0;102.086899135;-32.7171964455
437aab3f88a56f32a428df1fc6b2c140bebd28cdf7601a767854c5b41e8d52c5;1518086797.0;99.607008424;-36.2709732266
437aab3f88a56f32a428df1fc6b2c140bebd28cdf7601a767854c5b41e8d52c5;1518086800.0;97.1988155184;-39.6231557224
437aab3f88a56f32a428df1fc6b2c140bebd28cdf7601a767854c5b41e8d52c5;1518086804.5;93.3443085731;-44.2799754901
437aab3f88a56f32a428df1fc6b2c140bebd28cdf7601a767854c5b41e8d52c5;1518086806.0;91.366930674;-46.9142322847
437aab3f88a56f32a428df1fc6b2c140bebd28cdf7601a767854c5b41e8d52c5;1518086809.0;89.6903511277;-49.105068429
437aab3f88a56f32a428df1fc6b2c140bebd28cdf7601a767854c5b41e8d52c5;1518086813.5;86.7214734456;-52.4535346072
437aab3f88a56f32a428df1fc6b2c140bebd28cdf7601a767854c5b41e8d52c5;1518086821.0;84.1175123621;-53.3141661656
437aab3f88a56f32a428df1fc6b2c140bebd28cdf7601a767854c5b41e8d52c5;1518086824.0;81.9096430008;-53.7501047656
437aab3f88a56f32a428df1fc6b2c140bebd28cdf7601a767854c5b41e8d52c5;1518086825.5;80.1069617917;-53.828851455
437aab3f88a56f32a428df1fc6b2c140bebd28cdf7601a767854c5b41e8d52c5;1518086828.5;78.7005383528;-53.6186947483
437aab3f88a56f32a428df1fc6b2c140bebd28cdf7601a767854c5b41e8d52c5;1518086830.0;77.6673780675;-53.185821593
437aab3f88a56f32a428df1fc6b2c140bebd28cdf7601a767854c5b41e8d52c5;1518086833.0;76.9741547166;-52.5920902051
437aab3f88a56f32a428df1fc6b2c140bebd28cdf7601a767854c5b41e8d52c5;1518086836.0;76.5806098472;-51.8934214865
437aab3f88a56f32a428df1fc6b2c140bebd28cdf7601a767854c5b41e8d52c5;1518086837.5;76.4425495578;-50.3387496522
437aab3f88a56f32a428df1fc6b2c140bebd28cdf7601a767854c5b41e8d52c5;1518086842.0;75.714399344;-50.4014621987
437aab3f88a56f32a428df1fc6b2c140bebd28cdf7601a767854c5b41e8d52c5;1518086845.0;75.1833031992;-50.4755737479
437aab3f88a56f32a428df1fc6b2c140bebd28cdf7601a767854c5b41e8d52c5;1518086846.5;71.2310941554;-48.5558400374
437aab3f88a56f32a428df1fc6b2c140bebd28cdf7601a767854c5b41e8d52c5;1518086848.0;71.9800831541;-47.9178194675
437aab3f88a56f32a428df1fc6b2c140bebd28cdf7601a767854c5b41e8d52c5;1518086849.5;72.1400710269;-48.1706902328
437aab3f88a56f32a428df1fc6b2c140bebd28cdf7601a767854c5b41e8d52c5;1518086851.0;68.8624584841;-40.8861592358
437aab3f88a56f32a428df1fc6b2c140bebd28cdf7601a767854c5b41e8d52c5;1518086852.5;70.2458701104;-40.7430880687
437aab3f88a56f32a428df1fc6b2c140bebd28cdf7601a767854c5b41e8d52c5;1518086854.0;71.7827646071;-40.8789076124
437aab3f88a56f32a428df1fc6b2c140bebd28cdf7601a767854c5b41e8d52c5;1518086857.0;73.3809696202;-41.2324069427
437aab3f88a56f32a428df1fc6b2c140bebd28cdf7601a767854c5b41e8d52c5;1518086858.5;72.1642948458;-44.1459101294
437aab3f88a56f32a428df1fc6b2c140bebd28cdf7601a767854c5b41e8d52c5;1518086861.5;70.5843832325;-46.2708762735
437aab3f88a56f32a428df1fc6b2c140bebd28cdf7601a767854c5b41e8d52c5;1518086863.0;70.6970786126;-47.1200141378
437aab3f88a56f32a428df1fc6b2c140bebd28cdf7601a767854c5b41e8d52c5;1518086866.0;70.8793517721;-47.8745238638
437aab3f88a56f32a428df1fc6b2c140bebd28cdf7601a767854c5b41e8d52c5;1518086869.0;72.7099962288;-48.12315069
437aab3f88a56f32a428df1fc6b2c140bebd28cdf7601a767854c5b41e8d52c5;1518086870.5;73.7061119451;-49.0771261234
437aab3f88a56f32a428df1fc6b2c140bebd28cdf7601a767854c5b41e8d52c5;1518086873.5;75.4347600403;-49.1172214251
437aab3f88a56f32a428df1fc6b2c140bebd28cdf7601a767854c5b41e8d52c5;1518086875.0;77.0402881148;-49.0646088096
437aab3f88a56f32a428df1fc6b2c140bebd28cdf7601a767854c5b41e8d52c5;1518086878.0;78.4830990498;-48.9399343647
437aab3f88a56f32a428df1fc6b2c140bebd28cdf7601a767854c5b41e8d52c5;1518086881.0;79.7380238359;-48.7625974342
437aab3f88a56f32a428df1fc6b2c140bebd28cdf7601a767854c5b41e8d52c5;1518086882.5;80.7924427113;-48.5502239925
437aab3f88a56f32a428df1fc6b2c140bebd28cdf7601a767854c5b41e8d52c5;1518086885.5;81.6442801031;-48.3183162794
437aab3f88a56f32a428df1fc6b2c140bebd28cdf7601a767854c5b41e8d52c5;1518086887.0;82.2999788125;-48.0800574577
437aab3f88a56f32a428df1fc6b2c140bebd28cdf7601a767854c5b41e8d52c5;1518086890.0;82.7725386275;-47.8462481021
437aab3f88a56f32a428df1fc6b2c140bebd28cdf7601a767854c5b41e8d52c5;1518086893.0;83.0796849344;-47.6253506935
437aab3f88a56f32a428df1fc6b2c140bebd28cdf7601a767854c5b41e8d52c5;1518086894.5;82.4422145825;-48.2236187389
437aab3f88a56f32a428df1fc6b2c140bebd28cdf7601a767854c5b41e8d52c5;1518086897.5;82.5145497177;-48.0132884257
437aab3f88a56f32a428df1fc6b2c140bebd28cdf7601a767854c5b41e8d52c5;1518086899.0;81.7118358372;-48.604492638
437aab3f88a56f32a428df1fc6b2c140bebd28cdf7601a767854c5b41e8d52c5;1518086902.0;80.8811912993;-49.1732763024
437aab3f88a56f32a428df1fc6b2c140bebd28cdf7601a767854c5b41e8d52c5;1518086905.0;80.861428017;-48.9013721818
437aab3f88a56f32a428df1fc6b2c140bebd28cdf7601a767854c5b41e8d52c5;1518086906.5;80.0511602704;-49.4077939981
437aab3f88a56f32a428df1fc6b2c140bebd28cdf7601a767854c5b41e8d52c5;1518086908.0;80.0808996624;-49.0766196912
437aab3f88a56f32a428df1fc6b2c140bebd28cdf7601a767854c5b41e8d52c5;1518086909.5;80.1414551895;-47.928615458
437aab3f88a56f32a428df1fc6b2c140bebd28cdf7601a767854c5b41e8d52c5;1518086911.0;80.2242414036;-47.6130674531
437aab3f88a56f32a428df1fc6b2c140bebd28cdf7601a767854c5b41e8d52c5;1518086914.0;79.5215007187;-48.1361063511
437aab3f88a56f32a428df1fc6b2c140bebd28cdf7601a767854c5b41e8d52c5;1518086915.5;75.258448142;-46.6690932154
437aab3f88a56f32a428df1fc6b2c140bebd28cdf7601a767854c5b41e8d52c5;1518086918.5;74.797668155;-47.2687189783
437aab3f88a56f32a428df1fc6b2c140bebd28cdf7601a767854c5b41e8d52c5;1518086920.0;70.9171374392;-45.8976708294
437aab3f88a56f32a428df1fc6b2c140bebd28cdf7601a767854c5b41e8d52c5;1518086923.0;71.736027369;-45.8049254772
437aab3f88a56f32a428df1fc6b2c140bebd28cdf7601a767854c5b41e8d52c5;1518086926.0;72.7616982181;-45.7785321763
437aab3f88a56f32a428df1fc6b2c140bebd28cdf7601a767854c5b41e8d52c5;1518086927.5;73.1117669686;-46.6062762485
437aab3f88a56f32a428df1fc6b2c140bebd28cdf7601a767854c5b41e8d52c5;1518086929.0;74.7473512903;-47.4442204564
437aab3f88a56f32a428df1fc6b2c140bebd28cdf7601a767854c5b41e8d52c5;1518086930.5;75.985924696;-49.4568070044
437aab3f88a56f32a428df1fc6b2c140bebd28cdf7601a767854c5b41e8d52c5;1518086932.0;75.5773464328;-49.7686039626
437aab3f88a56f32a428df1fc6b2c140bebd28cdf7601a767854c5b41e8d52c5;1518086935.0;75.1473899649;-49.9872973707
437aab3f88a56f32a428df1fc6b2c140bebd28cdf7601a767854c5b41e8d52c5;1518086938.0;76.3175291919;-48.9227602024
437aab3f88a56f32a428df1fc6b2c140bebd28cdf7601a767854c5b41e8d52c5;1518086939.5;77.4409394059;-48.6342200596
437aab3f88a56f32a428df1fc6b2c140bebd28cdf7601a767854c5b41e8d52c5;1518086942.5;78.4820300009;-48.338019143
437aab3f88a56f32a428df1fc6b2c140bebd28cdf7601a767854c5b41e8d52c5;1518086944.0;79.4156212768;-47.247537644
437aab3f88a56f32a428df1fc6b2c140bebd28cdf7601a767854c5b41e8d52c5;1518086947.0;80.2258694465;-46.205250939
437aab3f88a56f32a428df1fc6b2c140bebd28cdf7601a767854c5b41e8d52c5;1518086950.0;80.9050332043;-45.2432115375
437aab3f88a56f32a428df1fc6b2c140bebd28cdf7601a767854c5b41e8d52c5;1518086951.5;81.4521628825;-45.1838515548
437aab3f88a56f32a428df1fc6b2c140bebd28cdf7601a767854c5b41e8d52c5;1518086954.5;81.8717801097;-45.2090095064
437aab3f88a56f32a428df1fc6b2c140bebd28cdf7601a767854c5b41e8d52c5;1518086956.0;82.172602687;-45.3007754874
437aab3f88a56f32a428df1fc6b2c140bebd28cdf7601a767854c5b41e8d52c5;1518086959.0;82.3663566415;-45.4421572528
437aab3f88a56f32a428df1fc6b2c140bebd28cdf7601a767854c5b41e8d52c5;1518086962.0;82.4667055393;-45.6175763749
437aab3f88a56f32a428df1fc6b2c140bebd28cdf7601a767854c5b41e8d52c5;1518086963.5;80.8883164361;-46.2132086177
437aab3f88a56f32a428df1fc6b2c140bebd28cdf7601a767854c5b41e8d52c5;1518086965.0;80.910072496;-46.4011860671
437aab3f88a56f32a428df1fc6b2c140bebd28cdf7601a767854c5b41e8d52c5;1518086968.0;80.1310744441;-47.375520584
437aab3f88a56f32a428df1fc6b2c140bebd28cdf7601a767854c5b41e8d52c5;1518086971.0;80.1826330248;-47.4999673742
437aab3f88a56f32a428df1fc6b2c140bebd28cdf7601a767854c5b41e8d52c5;1518086972.5;80.2565745684;-47.5795261114
437aab3f88a56f32a428df1fc6b2c140bebd28cdf7601a767854c5b41e8d52c5;1518086974.0;80.3454648206;-49.6199920566
437aab3f88a56f32a428df1fc6b2c140bebd28cdf7601a767854c5b41e8d52c5;1518086975.5;79.6427584294;-50.3475651306
437aab3f88a56f32a428df1fc6b2c140bebd28cdf7601a767854c5b41e8d52c5;1518086977.0;75.3748829794;-46.9557209845
437aab3f88a56f32a428df1fc6b2c140bebd28cdf7601a767854c5b41e8d52c5;1518086980.0;71.3055873001;-43.6040168283
437aab3f88a56f32a428df1fc6b2c140bebd28cdf7601a767854c5b41e8d52c5;1518086983.0;71.9579272647;-43.6184928302
437aab3f88a56f32a428df1fc6b2c140bebd28cdf7601a767854c5b41e8d52c5;1518086984.5;72.0414821458;-44.5653339185
437aab3f88a56f32a428df1fc6b2c140bebd28cdf7601a767854c5b41e8d52c5;1518086987.5;73.1066667649;-44.7801934324
437aab3f88a56f32a428df1fc6b2c140bebd28cdf7601a767854c5b41e8d52c5;1518086989.0;73.4745477895;-45.8408733062
437aab3f88a56f32a428df1fc6b2c140bebd28cdf7601a767854c5b41e8d52c5;1518086992.0;74.7098706977;-46.095782273
437aab3f88a56f32a428df1fc6b2c140bebd28cdf7601a767854c5b41e8d52c5;1518086995.0;75.9497341963;-46.3358781555
437aab3f88a56f32a428df1fc6b2c140bebd28cdf7601a767854c5b41e8d52c5;1518086996.5;76.3436356273;-47.3545197353
437aab3f88a56f32a428df1fc6b2c140bebd28cdf7601a767854c5b41e8d52c5;1518086999.5;77.485011347;-47.5152522098
437aab3f88a56f32a428df1fc6b2c140bebd28cdf7601a767854c5b41e8d52c5;1518087001.0;78.5387114689;-46.8232281009
437aab3f88a56f32a428df1fc6b2c140bebd28cdf7601a767854c5b41e8d52c5;1518087004.0;79.4801231077;-46.1166796898
437aab3f88a56f32a428df1fc6b2c140bebd28cdf7601a767854c5b41e8d52c5;1518087007.0;80.2940474944;-46.2267737733
437aab3f88a56f32a428df1fc6b2c140bebd28cdf7601a767854c5b41e8d52c5;1518087008.5;80.173425104;-47.1457780892
437aab3f88a56f32a428df1fc6b2c140bebd28cdf7601a767854c5b41e8d52c5;1518087011.5;80.7499901875;-47.2351504183
437aab3f88a56f32a428df1fc6b2c140bebd28cdf7601a767854c5b41e8d52c5;1518087013.0;82.8212426468;-47.6972422649
437aab3f88a56f32a428df1fc6b2c140bebd28cdf7601a767854c5b41e8d52c5;1518087016.0;83.1253949084;-49.7190260516
437aab3f88a56f32a428df1fc6b2c140bebd28cdf7601a767854c5b41e8d52c5;1518087019.0;83.6837009213;-50.4276920388
437aab3f88a56f32a428df1fc6b2c140bebd28cdf7601a767854c5b41e8d52c5;1518087020.5;77.3029976948;-55.0175171471
437aab3f88a56f32a428df1fc6b2c140bebd28cdf7601a767854c5b41e8d52c5;1518087023.5;77.4663152058;-56.5286765478
437aab3f88a56f32a428df1fc6b2c140bebd28cdf7601a767854c5b41e8d52c5;1518087025.0;76.5383166064;-58.1564570065
437aab3f88a56f32a428df1fc6b2c140bebd28cdf7601a767854c5b41e8d52c5;1518087028.0;68.1343850626;-61.8924230932
437aab3f88a56f32a428df1fc6b2c140bebd28cdf7601a767854c5b41e8d52c5;1518087032.5;66.965864425;-64.0454990388
437aab3f88a56f32a428df1fc6b2c140bebd28cdf7601a767854c5b41e8d52c5;1518087035.5;68.192413338;-64.2061398337
437aab3f88a56f32a428df1fc6b2c140bebd28cdf7601a767854c5b41e8d52c5;1518087037.0;67.6859559348;-65.6464068763
437aab3f88a56f32a428df1fc6b2c140bebd28cdf7601a767854c5b41e8d52c5;1518087040.0;67.4133517749;-66.7727642353
437aab3f88a56f32a428df1fc6b2c140bebd28cdf7601a767854c5b41e8d52c5;1518087041.5;66.138734376;-67.6029395532
437aab3f88a56f32a428df1fc6b2c140bebd28cdf7601a767854c5b41e8d52c5;1518087044.5;66.2734910818;-68.1629622253
437aab3f88a56f32a428df1fc6b2c140bebd28cdf7601a767854c5b41e8d52c5;1518087046.0;68.5703568032;-66.884461874
437aab3f88a56f32a428df1fc6b2c140bebd28cdf7601a767854c5b41e8d52c5;1518087049.0;70.9050351082;-65.466283118
437aab3f88a56f32a428df1fc6b2c140bebd28cdf7601a767854c5b41e8d52c5;1518087053.5;71.1765763478;-65.5930887884
437aab3f88a56f32a428df1fc6b2c140bebd28cdf7601a767854c5b41e8d52c5;1518087056.5;71.3867462856;-65.6708097733
437aab3f88a56f32a428df1fc6b2c140bebd28cdf7601a767854c5b41e8d52c5;1518087058.0;70.3394123845;-65.7061541702
437aab3f88a56f32a428df1fc6b2c140bebd28cdf7601a767854c5b41e8d52c5;1518087061.0;70.4879687681;-65.706183521
437aab3f88a56f32a428df1fc6b2c140bebd28cdf7601a767854c5b41e8d52c5;1518087064.0;70.6272951244;-65.6779596607
437aab3f88a56f32a428df1fc6b2c140bebd28cdf7601a767854c5b41e8d52c5;1518087065.5;68.3536644044;-66.4282621861
437aab3f88a56f32a428df1fc6b2c140bebd28cdf7601a767854c5b41e8d52c5;1518087068.5;66.1606132522;-67.131373719
437aab3f88a56f32a428df1fc6b2c140bebd28cdf7601a767854c5b41e8d52c5;1518087070.0;64.1197478004;-67.7686079965
437aab3f88a56f32a428df1fc6b2c140bebd28cdf7601a767854c5b41e8d52c5;1518087073.0;62.2822655269;-68.3276510986
437aab3f88a56f32a428df1fc6b2c140bebd28cdf7601a767854c5b41e8d52c5;1518087076.0;59.480989087;-68.4017795364
437aab3f88a56f32a428df1fc6b2c140bebd28cdf7601a767854c5b41e8d52c5;1518087077.5;56.1807283717;-69.2050111052
437aab3f88a56f32a428df1fc6b2c140bebd28cdf7601a767854c5b41e8d52c5;1518087080.5;50.8532906645;-69.919395916
437aab3f88a56f32a428df1fc6b2c140bebd28cdf7601a767854c5b41e8d52c5;1518087082.0;48.4372088722;-70.534127928
437aab3f88a56f32a428df1fc6b2c140bebd28cdf7601a767854c5b41e8d52c5;1518087085.0;46.5268550835;-71.0445484205
437aab3f88a56f32a428df1fc6b2c140bebd28cdf7601a767854c5b41e8d52c5;1518087088.0;42.6974978491;-71.4511028777
437aab3f88a56f32a428df1fc6b2c140bebd28cdf7601a767854c5b41e8d52c5;1518087089.5;37.0061121477;-71.3583023283
437aab3f88a56f32a428df1fc6b2c140bebd28cdf7601a767854c5b41e8d52c5;1518087094.0;31.9727591007;-71.1897297957
437aab3f88a56f32a428df1fc6b2c140bebd28cdf7601a767854c5b41e8d52c5;1518087097.0;27.667166299;-70.9672825777
437aab3f88a56f32a428df1fc6b2c140bebd28cdf7601a767854c5b41e8d52c5;1518087101.5;26.5160054057;-71.1106335003
437aab3f88a56f32a428df1fc6b2c140bebd28cdf7601a767854c5b41e8d52c5;1518087103.0;23.6144364748;-70.8208888983
437aab3f88a56f32a428df1fc6b2c140bebd28cdf7601a767854c5b41e8d52c5;1518087106.0;21.3486038712;-70.5162576608
437aab3f88a56f32a428df1fc6b2c140bebd28cdf7601a767854c5b41e8d52c5;1518087109.0;16.8819936334;-70.2119023644
437aab3f88a56f32a428df1fc6b2c140bebd28cdf7601a767854c5b41e8d52c5;1518087113.5;13.0734256978;-69.9199420326
437aab3f88a56f32a428df1fc6b2c140bebd28cdf7601a767854c5b41e8d52c5;1518087115.0;9.94363432143;-69.6495760859
437aab3f88a56f32a428df1fc6b2c140bebd28cdf7601a767854c5b41e8d52c5;1518087118.0;5.08205584748;-69.4073002852
437aab3f88a56f32a428df1fc6b2c140bebd28cdf7601a767854c5b41e8d52c5;1518087121.0;3.34951083442;-69.1971876331
437aab3f88a56f32a428df1fc6b2c140bebd28cdf7601a767854c5b41e8d52c5;1518087122.5;2.26949439059;-69.0212100062
437aab3f88a56f32a428df1fc6b2c140bebd28cdf7601a767854c5b41e8d52c5;1518087125.5;-5.44529854009;-68.8795795044
437aab3f88a56f32a428df1fc6b2c140bebd28cdf7601a767854c5b41e8d52c5;1518087127.0;-12.399320943;-68.7710919227
437aab3f88a56f32a428df1fc6b2c140bebd28cdf7601a767854c5b41e8d52c5;1518087130.0;-18.4665660277;-68.6934581805
437aab3f88a56f32a428df1fc6b2c140bebd28cdf7601a767854c5b41e8d52c5;1518087133.0;-21.1816994543;-68.6436128595
437aab3f88a56f32a428df1fc6b2c140bebd28cdf7601a767854c5b41e8d52c5;1518087134.5;-25.4265382174;-68.6179920884
437aab3f88a56f32a428df1fc6b2c140bebd28cdf7601a767854c5b41e8d52c5;1518087137.5;-36.0053476992;-68.6127757879
437aab3f88a56f32a428df1fc6b2c140bebd28cdf7601a767854c5b41e8d52c5;1518087139.0;-45.4681813766;-68.624091716
437aab3f88a56f32a428df1fc6b2c140bebd28cdf7601a767854c5b41e8d52c5;1518087142.0;-53.6597210635;-68.6481807899
437aab3f88a56f32a428df1fc6b2c140bebd28cdf7601a767854c5b41e8d52c5;1518087145.0;-62.5065639705;-67.8815248173
437aab3f88a56f32a428df1fc6b2c140bebd28cdf7601a767854c5b41e8d52c5;1518087146.5;-65.5237757373;-68.3529390466
437aab3f88a56f32a428df1fc6b2c140bebd28cdf7601a767854c5b41e8d52c5;1518087149.5;-69.6765941212;-68.4359528682
437aab3f88a56f32a428df1fc6b2c140bebd28cdf7601a767854c5b41e8d52c5;1518087151.0;-70.2517850635;-68.9249258107
437aab3f88a56f32a428df1fc6b2c140bebd28cdf7601a767854c5b41e8d52c5;1518087154.0;-69.8618664148;-69.3991071323
437aab3f88a56f32a428df1fc6b2c140bebd28cdf7601a767854c5b41e8d52c5;1518087158.5;-63.9154568392;-69.4424879043
437aab3f88a56f32a428df1fc6b2c140bebd28cdf7601a767854c5b41e8d52c5;1518087160.0;-55.2017109052;-69.4594930057
437aab3f88a56f32a428df1fc6b2c140bebd28cdf7601a767854c5b41e8d52c5;1518087161.5;-56.1426457218;-69.4547173666
437aab3f88a56f32a428df1fc6b2c140bebd28cdf7601a767854c5b41e8d52c5;1518087163.0;-54.6896877462;-69.8327081607
437aab3f88a56f32a428df1fc6b2c140bebd28cdf7601a767854c5b41e8d52c5;1518087166.0;-53.2997338559;-70.1817924695
437aab3f88a56f32a428df1fc6b2c140bebd28cdf7601a767854c5b41e8d52c5;1518087167.5;-52.0157813894;-70.4937882178
437aab3f88a56f32a428df1fc6b2c140bebd28cdf7601a767854c5b41e8d52c5;1518087170.5;-50.8679881606;-70.7636332877
437aab3f88a56f32a428df1fc6b2c140bebd28cdf7601a767854c5b41e8d52c5;1518087172.0;-47.4750340511;-70.9889640121
437aab3f88a56f32a428df1fc6b2c140bebd28cdf7601a767854c5b41e8d52c5;1518087175.0;-44.3416694015;-71.1696700311
437aab3f88a56f32a428df1fc6b2c140bebd28cdf7601a767854c5b41e8d52c5;1518087178.0;-48.3413109058;-70.1074480451
437aab3f88a56f32a428df1fc6b2c140bebd28cdf7601a767854c5b41e8d52c5;1518087179.5;-50.447371673;-69.8533725345
437aab3f88a56f32a428df1fc6b2c140bebd28cdf7601a767854c5b41e8d52c5;1518087182.5;-52.5543254198;-69.6159772247
437aab3f88a56f32a428df1fc6b2c140bebd28cdf7601a767854c5b41e8d52c5;1518087184.0;-54.5777154005;-69.4014218878
437aab3f88a56f32a428df1fc6b2c140bebd28cdf7601a767854c5b41e8d52c5;1518087187.0;-56.453318769;-69.2137207428
437aab3f88a56f32a428df1fc6b2c140bebd28cdf7601a767854c5b41e8d52c5;1518087190.0;-58.135668713;-69.055010997
437aab3f88a56f32a428df1fc6b2c140bebd28cdf7601a767854c5b41e8d52c5;1518087191.5;-61.5961219197;-68.1258427606
437aab3f88a56f32a428df1fc6b2c140bebd28cdf7601a767854c5b41e8d52c5;1518087194.5;-64.7406396083;-67.257474461
437aab3f88a56f32a428df1fc6b2c140bebd28cdf7601a767854c5b41e8d52c5;1518087196.0;-67.9066281749;-67.2724808429
437aab3f88a56f32a428df1fc6b2c140bebd28cdf7601a767854c5b41e8d52c5;1518087199.0;-70.2431539011;-66.5535867147
437aab3f88a56f32a428df1fc6b2c140bebd28cdf7601a767854c5b41e8d52c5;1518087202.0;-72.142648326;-65.9163279435
437aab3f88a56f32a428df1fc6b2c140bebd28cdf7601a767854c5b41e8d52c5;1518087203.5;-74.816537933;-62.9698678089
437aab3f88a56f32a428df1fc6b2c140bebd28cdf7601a767854c5b41e8d52c5;1518087208.0;-76.6429881012;-59.4139049888
437aab3f88a56f32a428df1fc6b2c140bebd28cdf7601a767854c5b41e8d52c5;1518087211.0;-78.4384287117;-56.9525785332
437aab3f88a56f32a428df1fc6b2c140bebd28cdf7601a767854c5b41e8d52c5;1518087212.5;-76.2172440516;-52.4254142273
437aab3f88a56f32a428df1fc6b2c140bebd28cdf7601a767854c5b41e8d52c5;1518087215.5;-78.5516065615;-52.3466662136
437aab3f88a56f32a428df1fc6b2c140bebd28cdf7601a767854c5b41e8d52c5;1518087217.0;-79.397032307;-51.029801154
437aab3f88a56f32a428df1fc6b2c140bebd28cdf7601a767854c5b41e8d52c5;1518087220.0;-79.9774916111;-50.0551170602
437aab3f88a56f32a428df1fc6b2c140bebd28cdf7601a767854c5b41e8d52c5;1518087223.0;-81.5227593899;-50.9931651028
437aab3f88a56f32a428df1fc6b2c140bebd28cdf7601a767854c5b41e8d52c5;1518087224.5;-81.2180632374;-51.7438769327
437aab3f88a56f32a428df1fc6b2c140bebd28cdf7601a767854c5b41e8d52c5;1518087227.5;-82.3255837858;-53.0346913194
437aab3f88a56f32a428df1fc6b2c140bebd28cdf7601a767854c5b41e8d52c5;1518087229.0;-82.0385768732;-52.7859551759
437aab3f88a56f32a428df1fc6b2c140bebd28cdf7601a767854c5b41e8d52c5;1518087232.0;-81.2074282681;-51.7955280541
437aab3f88a56f32a428df1fc6b2c140bebd28cdf7601a767854c5b41e8d52c5;1518087235.0;-80.2942122534;-50.8913652345
437aab3f88a56f32a428df1fc6b2c140bebd28cdf7601a767854c5b41e8d52c5;1518087236.5;-79.7518709514;-50.8923803694
437aab3f88a56f32a428df1fc6b2c140bebd28cdf7601a767854c5b41e8d52c5;1518087239.5;-77.2079230718;-51.3774972626
437aab3f88a56f32a428df1fc6b2c140bebd28cdf7601a767854c5b41e8d52c5;1518087241.0;-75.1644478452;-52.7104908866
437aab3f88a56f32a428df1fc6b2c140bebd28cdf7601a767854c5b41e8d52c5;1518087244.0;-73.2830897502;-54.0284661504
437aab3f88a56f32a428df1fc6b2c140bebd28cdf7601a767854c5b41e8d52c5;1518087247.0;-69.6066796841;-55.6817077154
437aab3f88a56f32a428df1fc6b2c140bebd28cdf7601a767854c5b41e8d52c5;1518087248.5;-66.2412844439;-57.2170326587
437aab3f88a56f32a428df1fc6b2c140bebd28cdf7601a767854c5b41e8d52c5;1518087251.5;-65.659316874;-59.3966113071
437aab3f88a56f32a428df1fc6b2c140bebd28cdf7601a767854c5b41e8d52c5;1518087253.0;-65.0073701431;-60.1644097735
437aab3f88a56f32a428df1fc6b2c140bebd28cdf7601a767854c5b41e8d52c5;1518087256.0;-64.2455179527;-59.9320721557
437aab3f88a56f32a428df1fc6b2c140bebd28cdf7601a767854c5b41e8d52c5;1518087259.0;-64.5462154822;-61.5489191752
437aab3f88a56f32a428df1fc6b2c140bebd28cdf7601a767854c5b41e8d52c5;1518087260.5;-64.6449248865;-61.7804400238
437aab3f88a56f32a428df1fc6b2c140bebd28cdf7601a767854c5b41e8d52c5;1518087262.0;-67.2980954145;-58.6544391017
437aab3f88a56f32a428df1fc6b2c140bebd28cdf7601a767854c5b41e8d52c5;1518087263.5;-70.3687080204;-57.1274608
437aab3f88a56f32a428df1fc6b2c140bebd28cdf7601a767854c5b41e8d52c5;1518087265.0;-72.1304497842;-56.0607797266
437aab3f88a56f32a428df1fc6b2c140bebd28cdf7601a767854c5b41e8d52c5;1518087268.0;-74.9346252039;-56.6850036789
437aab3f88a56f32a428df1fc6b2c140bebd28cdf7601a767854c5b41e8d52c5;1518087269.5;-72.7005805315;-49.7569826935
437aab3f88a56f32a428df1fc6b2c140bebd28cdf7601a767854c5b41e8d52c5;1518087272.5;-75.1653215724;-50.7442865975
437aab3f88a56f32a428df1fc6b2c140bebd28cdf7601a767854c5b41e8d52c5;1518087274.0;-76.2505015421;-50.3443582567
437aab3f88a56f32a428df1fc6b2c140bebd28cdf7601a767854c5b41e8d52c5;1518087277.0;-77.1486254563;-50.1306412539
437aab3f88a56f32a428df1fc6b2c140bebd28cdf7601a767854c5b41e8d52c5;1518087280.0;-79.0611795693;-51.6744420014
437aab3f88a56f32a428df1fc6b2c140bebd28cdf7601a767854c5b41e8d52c5;1518087281.5;-79.548775677;-51.6825049194
437aab3f88a56f32a428df1fc6b2c140bebd28cdf7601a767854c5b41e8d52c5;1518087284.5;-79.836901536;-51.7416550571
437aab3f88a56f32a428df1fc6b2c140bebd28cdf7601a767854c5b41e8d52c5;1518087286.0;-79.5539261618;-51.0393089649
437aab3f88a56f32a428df1fc6b2c140bebd28cdf7601a767854c5b41e8d52c5;1518087289.0;-79.545388816;-51.1958597325
437aab3f88a56f32a428df1fc6b2c140bebd28cdf7601a767854c5b41e8d52c5;1518087292.0;-80.6367433867;-52.9932659573
437aab3f88a56f32a428df1fc6b2c140bebd28cdf7601a767854c5b41e8d52c5;1518087293.5;-80.4043573078;-53.1514602989
437aab3f88a56f32a428df1fc6b2c140bebd28cdf7601a767854c5b41e8d52c5;1518087298.0;-80.0822741524;-53.2719573602
437aab3f88a56f32a428df1fc6b2c140bebd28cdf7601a767854c5b41e8d52c5;1518087301.0;-79.3013166619;-52.5574767148
437aab3f88a56f32a428df1fc6b2c140bebd28cdf7601a767854c5b41e8d52c5;1518087304.0;-75.3044980031;-48.2435931299
437aab3f88a56f32a428df1fc6b2c140bebd28cdf7601a767854c5b41e8d52c5;1518087305.5;-71.4548631559;-42.5027425368
437aab3f88a56f32a428df1fc6b2c140bebd28cdf7601a767854c5b41e8d52c5;1518087308.5;-69.4769607519;-43.5299523609
437aab3f88a56f32a428df1fc6b2c140bebd28cdf7601a767854c5b41e8d52c5;1518087310.0;-69.7955603986;-44.4105221257
437aab3f88a56f32a428df1fc6b2c140bebd28cdf7601a767854c5b41e8d52c5;1518087313.0;-70.3386177001;-45.4585570525
437aab3f88a56f32a428df1fc6b2c140bebd28cdf7601a767854c5b41e8d52c5;1518087316.0;-69.8395188332;-48.9986427118
437aab3f88a56f32a428df1fc6b2c140bebd28cdf7601a767854c5b41e8d52c5;1518087317.5;-69.4866589864;-52.4707655308
437aab3f88a56f32a428df1fc6b2c140bebd28cdf7601a767854c5b41e8d52c5;1518087322.0;-68.8649047495;-54.5496331648
437aab3f88a56f32a428df1fc6b2c140bebd28cdf7601a767854c5b41e8d52c5;1518087325.0;-68.37290517;-56.3907419454
437aab3f88a56f32a428df1fc6b2c140bebd28cdf7601a767854c5b41e8d52c5;1518087329.5;-68.4043892996;-59.167999292
437aab3f88a56f32a428df1fc6b2c140bebd28cdf7601a767854c5b41e8d52c5;1518087332.5;-73.3334010313;-56.4230851977
437aab3f88a56f32a428df1fc6b2c140bebd28cdf7601a767854c5b41e8d52c5;1518087334.0;-79.3432743754;-51.5302305143
437aab3f88a56f32a428df1fc6b2c140bebd28cdf7601a767854c5b41e8d52c5;1518087337.0;-83.8174420757;-48.714737547
437aab3f88a56f32a428df1fc6b2c140bebd28cdf7601a767854c5b41e8d52c5;1518087340.0;-89.4440785529;-36.8737536713
437aab3f88a56f32a428df1fc6b2c140bebd28cdf7601a767854c5b41e8d52c5;1518087341.5;-94.4876245925;-25.6460164239
437aab3f88a56f32a428df1fc6b2c140bebd28cdf7601a767854c5b41e8d52c5;1518087346.0;-96.0629564405;-26.557985969
437aab3f88a56f32a428df1fc6b2c140bebd28cdf7601a767854c5b41e8d52c5;1518087349.0;-97.0407036613;-28.1852421663
437aab3f88a56f32a428df1fc6b2c140bebd28cdf7601a767854c5b41e8d52c5;1518087350.5;-97.5012732915;-30.3196374375
437aab3f88a56f32a428df1fc6b2c140bebd28cdf7601a767854c5b41e8d52c5;1518087353.5;-100.329678064;-26.374368157
437aab3f88a56f32a428df1fc6b2c140bebd28cdf7601a767854c5b41e8d52c5;1518087355.0;-102.699214759;-22.8431780063
437aab3f88a56f32a428df1fc6b2c140bebd28cdf7601a767854c5b41e8d52c5;1518087358.0;-104.206875525;-22.1844987655
437aab3f88a56f32a428df1fc6b2c140bebd28cdf7601a767854c5b41e8d52c5;1518087361.0;-105.284729117;-21.9301754222
437aab3f88a56f32a428df1fc6b2c140bebd28cdf7601a767854c5b41e8d52c5;1518087362.5;-106.375622826;-19.6095097307
437aab3f88a56f32a428df1fc6b2c140bebd28cdf7601a767854c5b41e8d52c5;1518087365.5;-107.11331288;-17.6485967883
437aab3f88a56f32a428df1fc6b2c140bebd28cdf7601a767854c5b41e8d52c5;1518087367.0;-107.138932408;-18.4539225628
437aab3f88a56f32a428df1fc6b2c140bebd28cdf7601a767854c5b41e8d52c5;1518087370.0;-106.913870734;-19.5200262799
437aab3f88a56f32a428df1fc6b2c140bebd28cdf7601a767854c5b41e8d52c5;1518087373.0;-106.897266565;-18.3521082024
437aab3f88a56f32a428df1fc6b2c140bebd28cdf7601a767854c5b41e8d52c5;1518087374.5;-106.728092568;-14.9636894123
437aab3f88a56f32a428df1fc6b2c140bebd28cdf7601a767854c5b41e8d52c5;1518087377.5;-106.443629667;-9.45440680371
437aab3f88a56f32a428df1fc6b2c140bebd28cdf7601a767854c5b41e8d52c5;1518087379.0;-106.07831416;-4.3888044447
437aab3f88a56f32a428df1fc6b2c140bebd28cdf7601a767854c5b41e8d52c5;1518087382.0;-105.662929188;0.119229620293
437aab3f88a56f32a428df1fc6b2c140bebd28cdf7601a767854c5b41e8d52c5;1518087386.5;-105.224104043;1.60088768748
437aab3f88a56f32a428df1fc6b2c140bebd28cdf7601a767854c5b41e8d52c5;1518087391.0;-104.784079765;2.52217863372
437aab3f88a56f32a428df1fc6b2c140bebd28cdf7601a767854c5b41e8d52c5;1518087394.0;-104.360697152;2.95832424537
437aab3f88a56f32a428df1fc6b2c140bebd28cdf7601a767854c5b41e8d52c5;1518087398.5;-103.967563175;5.38890776488
437aab3f88a56f32a428df1fc6b2c140bebd28cdf7601a767854c5b41e8d52c5;1518087400.0;-103.614353467;7.39781826989
437aab3f88a56f32a428df1fc6b2c140bebd28cdf7601a767854c5b41e8d52c5;1518087401.5;-103.307211562;8.9890339431
437aab3f88a56f32a428df1fc6b2c140bebd28cdf7601a767854c5b41e8d52c5;1518087403.0;-103.049209575;12.5824451239
437aab3f88a56f32a428df1fc6b2c140bebd28cdf7601a767854c5b41e8d52c5;1518087406.0;-102.840839603;13.3138762637
437aab3f88a56f32a428df1fc6b2c140bebd28cdf7601a767854c5b41e8d52c5;1518087407.5;-102.680510041;16.0464661249
437aab3f88a56f32a428df1fc6b2c140bebd28cdf7601a767854c5b41e8d52c5;1518087410.5;-102.16502599;20.3506793689
437aab3f88a56f32a428df1fc6b2c140bebd28cdf7601a767854c5b41e8d52c5;1518087412.0;-101.706037709;24.1400227893
437aab3f88a56f32a428df1fc6b2c140bebd28cdf7601a767854c5b41e8d52c5;1518087415.0;-101.710605576;22.9658966141
437aab3f88a56f32a428df1fc6b2c140bebd28cdf7601a767854c5b41e8d52c5;1518087418.0;-101.365835647;25.7879598093
437aab3f88a56f32a428df1fc6b2c140bebd28cdf7601a767854c5b41e8d52c5;1518087419.5;-101.075386278;28.1740919732
437aab3f88a56f32a428df1fc6b2c140bebd28cdf7601a767854c5b41e8d52c5;1518087422.5;-101.240011331;28.1160340253
437aab3f88a56f32a428df1fc6b2c140bebd28cdf7601a767854c5b41e8d52c5;1518087427.0;-101.042110921;29.704946306
437aab3f88a56f32a428df1fc6b2c140bebd28cdf7601a767854c5b41e8d52c5;1518087436.0;-100.082106155;33.3478782783
437aab3f88a56f32a428df1fc6b2c140bebd28cdf7601a767854c5b41e8d52c5;1518087439.0;-99.190818097;36.5683087251
437aab3f88a56f32a428df1fc6b2c140bebd28cdf7601a767854c5b41e8d52c5;1518087443.5;-98.3901549264;39.3219207334
437aab3f88a56f32a428df1fc6b2c140bebd28cdf7601a767854c5b41e8d52c5;1518087446.5;-94.8940181929;44.3919335108
437aab3f88a56f32a428df1fc6b2c140bebd28cdf7601a767854c5b41e8d52c5;1518087448.0;-94.4213480783;46.0722663922
437aab3f88a56f32a428df1fc6b2c140bebd28cdf7601a767854c5b41e8d52c5;1518087451.0;-94.1463580635;47.2136420417
437aab3f88a56f32a428df1fc6b2c140bebd28cdf7601a767854c5b41e8d52c5;1518087452.5;-91.2405117292;50.6781968796
437aab3f88a56f32a428df1fc6b2c140bebd28cdf7601a767854c5b41e8d52c5;1518087455.5;-92.5862141925;46.4227128748
437aab3f88a56f32a428df1fc6b2c140bebd28cdf7601a767854c5b41e8d52c5;1518087457.0;-92.8793275955;46.3214171559
437aab3f88a56f32a428df1fc6b2c140bebd28cdf7601a767854c5b41e8d52c5;1518087460.0;-93.2786452141;46.0275238946
437aab3f88a56f32a428df1fc6b2c140bebd28cdf7601a767854c5b41e8d52c5;1518087463.0;-93.7469535003;45.5913083297
437aab3f88a56f32a428df1fc6b2c140bebd28cdf7601a767854c5b41e8d52c5;1518087464.5;-94.2517219894;45.0586835446
437aab3f88a56f32a428df1fc6b2c140bebd28cdf7601a767854c5b41e8d52c5;1518087467.5;-94.765467901;44.4702363748
437aab3f88a56f32a428df1fc6b2c140bebd28cdf7601a767854c5b41e8d52c5;1518087469.0;-96.0658459143;41.4606691839
437aab3f88a56f32a428df1fc6b2c140bebd28cdf7601a767854c5b41e8d52c5;1518087472.0;-97.3035144883;38.5545886639
437aab3f88a56f32a428df1fc6b2c140bebd28cdf7601a767854c5b41e8d52c5;1518087475.0;-98.441508768;35.8475407013
437aab3f88a56f32a428df1fc6b2c140bebd28cdf7601a767854c5b41e8d52c5;1518087476.5;-98.6542438411;35.8080007032
437aab3f88a56f32a428df1fc6b2c140bebd28cdf7601a767854c5b41e8d52c5;1518087479.5;-93.5582621459;41.1840486765
437aab3f88a56f32a428df1fc6b2c140bebd28cdf7601a767854c5b41e8d52c5;1518087481.0;-93.3791463039;44.5175251082
437aab3f88a56f32a428df1fc6b2c140bebd28cdf7601a767854c5b41e8d52c5;1518087484.0;-90.9006877781;47.2836052492
437aab3f88a56f32a428df1fc6b2c140bebd28cdf7601a767854c5b41e8d52c5;1518087487.0;-86.6018934464;52.205125152
437aab3f88a56f32a428df1fc6b2c140bebd28cdf7601a767854c5b41e8d52c5;1518087488.5;-83.4187822431;55.9341360681
437aab3f88a56f32a428df1fc6b2c140bebd28cdf7601a767854c5b41e8d52c5;1518087491.5;-81.4155419908;58.7999793584
437aab3f88a56f32a428df1fc6b2c140bebd28cdf7601a767854c5b41e8d52c5;1518087493.0;-79.7963281093;61.1806548162
437aab3f88a56f32a428df1fc6b2c140bebd28cdf7601a767854c5b41e8d52c5;1518087496.0;-78.5491038798;63.0779689898
437aab3f88a56f32a428df1fc6b2c140bebd28cdf7601a767854c5b41e8d52c5;1518087499.0;-74.8493603409;66.1127015691
437aab3f88a56f32a428df1fc6b2c140bebd28cdf7601a767854c5b41e8d52c5;1518087500.5;-72.3755910962;68.2559795698
437aab3f88a56f32a428df1fc6b2c140bebd28cdf7601a767854c5b41e8d52c5;1518087503.5;-69.5415520566;70.3203627876
437aab3f88a56f32a428df1fc6b2c140bebd28cdf7601a767854c5b41e8d52c5;1518087505.0;-67.9726587426;71.5190548503
437aab3f88a56f32a428df1fc6b2c140bebd28cdf7601a767854c5b41e8d52c5;1518087508.0;-66.0386377418;72.6972463064
437aab3f88a56f32a428df1fc6b2c140bebd28cdf7601a767854c5b41e8d52c5;1518087511.0;-65.7298754314;73.0919096191
437aab3f88a56f32a428df1fc6b2c140bebd28cdf7601a767854c5b41e8d52c5;1518087512.5;-65.3736705659;73.1639638844
437aab3f88a56f32a428df1fc6b2c140bebd28cdf7601a767854c5b41e8d52c5;1518087517.0;-66.5137598508;72.1750487414
437aab3f88a56f32a428df1fc6b2c140bebd28cdf7601a767854c5b41e8d52c5;1518087520.0;-67.0452808847;71.8169146772
437aab3f88a56f32a428df1fc6b2c140bebd28cdf7601a767854c5b41e8d52c5;1518087521.5;-66.5086864764;71.7377308388
437aab3f88a56f32a428df1fc6b2c140bebd28cdf7601a767854c5b41e8d52c5;1518087524.5;-66.8990634908;71.1648745346
437aab3f88a56f32a428df1fc6b2c140bebd28cdf7601a767854c5b41e8d52c5;1518087526.0;-67.3754025626;70.5399945098
437aab3f88a56f32a428df1fc6b2c140bebd28cdf7601a767854c5b41e8d52c5;1518087529.0;-68.3014577176;69.8984907096
437aab3f88a56f32a428df1fc6b2c140bebd28cdf7601a767854c5b41e8d52c5;1518087532.0;-68.8302435328;69.269348041
437aab3f88a56f32a428df1fc6b2c140bebd28cdf7601a767854c5b41e8d52c5;1518087533.5;-69.7400624437;68.6752599845
437aab3f88a56f32a428df1fc6b2c140bebd28cdf7601a767854c5b41e8d52c5;1518087536.5;-70.5983150747;68.1329791399
437aab3f88a56f32a428df1fc6b2c140bebd28cdf7601a767854c5b41e8d52c5;1518087538.0;-71.3809845765;67.6538352987
437aab3f88a56f32a428df1fc6b2c140bebd28cdf7601a767854c5b41e8d52c5;1518087541.0;-72.0718807949;67.2443668137
437aab3f88a56f32a428df1fc6b2c140bebd28cdf7601a767854c5b41e8d52c5;1518087545.5;-71.4617225378;65.3070173532
437aab3f88a56f32a428df1fc6b2c140bebd28cdf7601a767854c5b41e8d52c5;1518087550.0;-70.7951270306;63.5048570907
437aab3f88a56f32a428df1fc6b2c140bebd28cdf7601a767854c5b41e8d52c5;1518087553.0;-69.3100455436;62.282934597
437aab3f88a56f32a428df1fc6b2c140bebd28cdf7601a767854c5b41e8d52c5;1518087556.0;-69.8695785323;62.0540792182
437aab3f88a56f32a428df1fc6b2c140bebd28cdf7601a767854c5b41e8d52c5;1518087557.5;-70.4424217819;61.9888317464
437aab3f88a56f32a428df1fc6b2c140bebd28cdf7601a767854c5b41e8d52c5;1518087560.5;-69.0029995104;61.2570804992
437aab3f88a56f32a428df1fc6b2c140bebd28cdf7601a767854c5b41e8d52c5;1518087562.0;-67.6113417127;60.6613962814
437aab3f88a56f32a428df1fc6b2c140bebd28cdf7601a767854c5b41e8d52c5;1518087565.0;-65.9135618061;61.7983930559
437aab3f88a56f32a428df1fc6b2c140bebd28cdf7601a767854c5b41e8d52c5;1518087568.0;-62.7587954085;61.7960547533
437aab3f88a56f32a428df1fc6b2c140bebd28cdf7601a767854c5b41e8d52c5;1518087569.5;-59.8446304741;61.842341921
437aab3f88a56f32a428df1fc6b2c140bebd28cdf7601a767854c5b41e8d52c5;1518087572.5;-59.2395133077;61.5256779784
437aab3f88a56f32a428df1fc6b2c140bebd28cdf7601a767854c5b41e8d52c5;1518087574.0;-57.7058390422;60.8513197052
437aab3f88a56f32a428df1fc6b2c140bebd28cdf7601a767854c5b41e8d52c5;1518087577.0;-55.6506660681;61.0377802984
437aab3f88a56f32a428df1fc6b2c140bebd28cdf7601a767854c5b41e8d52c5;1518087578.5;-53.1005010461;60.865437561
437aab3f88a56f32a428df1fc6b2c140bebd28cdf7601a767854c5b41e8d52c5;1518087581.5;-50.8963489867;61.5329458687
437aab3f88a56f32a428df1fc6b2c140bebd28cdf7601a767854c5b41e8d52c5;1518087583.0;-46.2571733797;57.4056346801
437aab3f88a56f32a428df1fc6b2c140bebd28cdf7601a767854c5b41e8d52c5;1518087584.5;-43.6955459589;58.247560342
437aab3f88a56f32a428df1fc6b2c140bebd28cdf7601a767854c5b41e8d52c5;1518087586.0;-40.4184221839;59.1911984578
437aab3f88a56f32a428df1fc6b2c140bebd28cdf7601a767854c5b41e8d52c5;1518087589.0;-38.8599862765;60.1784610122
437aab3f88a56f32a428df1fc6b2c140bebd28cdf7601a767854c5b41e8d52c5;1518087590.5;-37.7788380996;61.1611326152
437aab3f88a56f32a428df1fc6b2c140bebd28cdf7601a767854c5b41e8d52c5;1518087593.5;-35.9227660341;62.100824593
437aab3f88a56f32a428df1fc6b2c140bebd28cdf7601a767854c5b41e8d52c5;1518087595.0;-33.2809977403;62.9685451915
437aab3f88a56f32a428df1fc6b2c140bebd28cdf7601a767854c5b41e8d52c5;1518087598.0;-32.2763431956;62.9439798626
437aab3f88a56f32a428df1fc6b2c140bebd28cdf7601a767854c5b41e8d52c5;1518087601.0;-29.2615658321;62.8465684051
437aab3f88a56f32a428df1fc6b2c140bebd28cdf7601a767854c5b41e8d52c5;1518087602.5;-26.679281308;62.6947765028
437aab3f88a56f32a428df1fc6b2c140bebd28cdf7601a767854c5b41e8d52c5;1518087605.5;-23.3462824364;63.3055519209
437aab3f88a56f32a428df1fc6b2c140bebd28cdf7601a767854c5b41e8d52c5;1518087607.0;-19.3060320416;63.8619501785
437aab3f88a56f32a428df1fc6b2c140bebd28cdf7601a767854c5b41e8d52c5;1518087610.0;-15.8215904442;64.3525907775
437aab3f88a56f32a428df1fc6b2c140bebd28cdf7601a767854c5b41e8d52c5;1518087614.5;-15.3211735484;64.7709996255
437aab3f88a56f32a428df1fc6b2c140bebd28cdf7601a767854c5b41e8d52c5;1518087617.5;-14.1079930899;65.114886719
437aab3f88a56f32a428df1fc6b2c140bebd28cdf7601a767854c5b41e8d52c5;1518087619.0;-14.5331289995;65.3854009249
437aab3f88a56f32a428df1fc6b2c140bebd28cdf7601a767854c5b41e8d52c5;1518087622.0;-14.0919125672;65.5863962527
437aab3f88a56f32a428df1fc6b2c140bebd28cdf7601a767854c5b41e8d52c5;1518087625.0;-15.1352629186;65.7237366649
437aab3f88a56f32a428df1fc6b2c140bebd28cdf7601a767854c5b41e8d52c5;1518087626.5;-16.3645326831;65.804659528
437aab3f88a56f32a428df1fc6b2c140bebd28cdf7601a767854c5b41e8d52c5;1518087629.5;-17.6933671873;65.8372114373
437aab3f88a56f32a428df1fc6b2c140bebd28cdf7601a767854c5b41e8d52c5;1518087631.0;-19.0487001032;65.8297645073
437aab3f88a56f32a428df1fc6b2c140bebd28cdf7601a767854c5b41e8d52c5;1518087634.0;-20.3710184317;66.990616383
437aab3f88a56f32a428df1fc6b2c140bebd28cdf7601a767854c5b41e8d52c5;1518087637.0;-18.4140323573;66.4796732283
437aab3f88a56f32a428df1fc6b2c140bebd28cdf7601a767854c5b41e8d52c5;1518087638.5;-17.2718822035;66.3317317753
437aab3f88a56f32a428df1fc6b2c140bebd28cdf7601a767854c5b41e8d52c5;1518087641.5;-15.3872867923;65.760109342
437aab3f88a56f32a428df1fc6b2c140bebd28cdf7601a767854c5b41e8d52c5;1518087643.0;-14.4241189917;64.7924070216
437aab3f88a56f32a428df1fc6b2c140bebd28cdf7601a767854c5b41e8d52c5;1518087646.0;-13.5966199915;63.8665488845
437aab3f88a56f32a428df1fc6b2c140bebd28cdf7601a767854c5b41e8d52c5;1518087649.0;-12.1107559917;63.4112004193
437aab3f88a56f32a428df1fc6b2c140bebd28cdf7601a767854c5b41e8d52c5;1518087650.5;-11.5976345522;63.4304736305
437aab3f88a56f32a428df1fc6b2c140bebd28cdf7601a767854c5b41e8d52c5;1518087653.5;-10.4432320185;63.1086732542
437aab3f88a56f32a428df1fc6b2c140bebd28cdf7601a767854c5b41e8d52c5;1518087655.0;-11.4619807108;63.246886023
437aab3f88a56f32a428df1fc6b2c140bebd28cdf7601a767854c5b41e8d52c5;1518087658.0;-12.5785004362;63.4275807971
437aab3f88a56f32a428df1fc6b2c140bebd28cdf7601a767854c5b41e8d52c5;1518087662.5;-12.5285761991;62.8350333845
437aab3f88a56f32a428df1fc6b2c140bebd28cdf7601a767854c5b41e8d52c5;1518087665.5;-12.5074937614;64.687594119
437aab3f88a56f32a428df1fc6b2c140bebd28cdf7601a767854c5b41e8d52c5;1518087667.0;-12.5103280608;64.9021389419
437aab3f88a56f32a428df1fc6b2c140bebd28cdf7601a767854c5b41e8d52c5;1518087674.5;-11.3321823779;65.0776892425
437aab3f88a56f32a428df1fc6b2c140bebd28cdf7601a767854c5b41e8d52c5;1518087679.0;-10.2163785365;68.4150219133
437aab3f88a56f32a428df1fc6b2c140bebd28cdf7601a767854c5b41e8d52c5;1518087682.0;-9.19508032188;71.5882871734
437aab3f88a56f32a428df1fc6b2c140bebd28cdf7601a767854c5b41e8d52c5;1518087685.0;-9.49023853732;72.9033678946
437aab3f88a56f32a428df1fc6b2c140bebd28cdf7601a767854c5b41e8d52c5;1518087686.5;-8.66675556818;72.3592977557
437aab3f88a56f32a428df1fc6b2c140bebd28cdf7601a767854c5b41e8d52c5;1518087691.0;-7.94129897014;71.6296697344
437aab3f88a56f32a428df1fc6b2c140bebd28cdf7601a767854c5b41e8d52c5;1518087694.0;-7.3232817329;73.980780528
437aab3f88a56f32a428df1fc6b2c140bebd28cdf7601a767854c5b41e8d52c5;1518087697.0;-8.01593667379;74.5424379417
437aab3f88a56f32a428df1fc6b2c140bebd28cdf7601a767854c5b41e8d52c5;1518087698.5;-8.76942315955;74.930066355
437aab3f88a56f32a428df1fc6b2c140bebd28cdf7601a767854c5b41e8d52c5;1518087703.0;-9.54143542178;75.1629664315
437aab3f88a56f32a428df1fc6b2c140bebd28cdf7601a767854c5b41e8d52c5;1518087706.0;-9.09738781469;73.6627678354
437aab3f88a56f32a428df1fc6b2c140bebd28cdf7601a767854c5b41e8d52c5;1518087710.5;-6.25825421644;72.1160982451
437aab3f88a56f32a428df1fc6b2c140bebd28cdf7601a767854c5b41e8d52c5;1518087713.5;-7.13661716917;72.1941186431
437aab3f88a56f32a428df1fc6b2c140bebd28cdf7601a767854c5b41e8d52c5;1518087715.0;-6.87384284459;70.6887702157
437aab3f88a56f32a428df1fc6b2c140bebd28cdf7601a767854c5b41e8d52c5;1518087718.0;-7.86866967115;70.8569406652
437aab3f88a56f32a428df1fc6b2c140bebd28cdf7601a767854c5b41e8d52c5;1518087722.5;-8.86978434554;71.0771993982
437aab3f88a56f32a428df1fc6b2c140bebd28cdf7601a767854c5b41e8d52c5;1518087727.0;-8.63588471124;69.7303184086
437aab3f88a56f32a428df1fc6b2c140bebd28cdf7601a767854c5b41e8d52c5;1518087730.0;-8.38332961535;68.4636008807
437aab3f88a56f32a428df1fc6b2c140bebd28cdf7601a767854c5b41e8d52c5;1518087733.0;-9.32595235402;68.9116828231
437aab3f88a56f32a428df1fc6b2c140bebd28cdf7601a767854c5b41e8d52c5;1518087734.5;-9.02701245079;67.833681064
437aab3f88a56f32a428df1fc6b2c140bebd28cdf7601a767854c5b41e8d52c5;1518087737.5;-9.90678003018;68.4579324143
437aab3f88a56f32a428df1fc6b2c140bebd28cdf7601a767854c5b41e8d52c5;1518087739.0;-9.53432289249;67.5390161979
437aab3f88a56f32a428df1fc6b2c140bebd28cdf7601a767854c5b41e8d52c5;1518087742.0;-6.73498426663;66.7023225769
437aab3f88a56f32a428df1fc6b2c140bebd28cdf7601a767854c5b41e8d52c5;1518087746.5;-4.02611399528;65.964874777
437aab3f88a56f32a428df1fc6b2c140bebd28cdf7601a767854c5b41e8d52c5;1518087749.5;-5.09797321839;66.936321546
437aab3f88a56f32a428df1fc6b2c140bebd28cdf7601a767854c5b41e8d52c5;1518087751.0;-5.07154166814;66.3560260993
437aab3f88a56f32a428df1fc6b2c140bebd28cdf7601a767854c5b41e8d52c5;1518087754.0;-2.72753476122;65.8375486981
437aab3f88a56f32a428df1fc6b2c140bebd28cdf7601a767854c5b41e8d52c5;1518087755.5;-0.543227845229;65.3892648291
437aab3f88a56f32a428df1fc6b2c140bebd28cdf7601a767854c5b41e8d52c5;1518087757.0;-2.17405319863;66.6150671408
437aab3f88a56f32a428df1fc6b2c140bebd28cdf7601a767854c5b41e8d52c5;1518087758.5;-2.7117513534;66.2511063045
437aab3f88a56f32a428df1fc6b2c140bebd28cdf7601a767854c5b41e8d52c5;1518087760.0;-0.913439823088;65.9098933833
437aab3f88a56f32a428df1fc6b2c140bebd28cdf7601a767854c5b41e8d52c5;1518087763.0;0.761746994089;65.600527311
437aab3f88a56f32a428df1fc6b2c140bebd28cdf7601a767854c5b41e8d52c5;1518087766.0;-0.128573431934;65.3290133607
437aab3f88a56f32a428df1fc6b2c140bebd28cdf7601a767854c5b41e8d52c5;1518087767.5;1.28431316453;65.0986416661
437aab3f88a56f32a428df1fc6b2c140bebd28cdf7601a767854c5b41e8d52c5;1518087769.0;-1.03675008489;66.5103986437
437aab3f88a56f32a428df1fc6b2c140bebd28cdf7601a767854c5b41e8d52c5;1518087770.5;-2.17213068102;66.2993882801
437aab3f88a56f32a428df1fc6b2c140bebd28cdf7601a767854c5b41e8d52c5;1518087772.0;-0.87354993069;66.0786044579
437aab3f88a56f32a428df1fc6b2c140bebd28cdf7601a767854c5b41e8d52c5;1518087773.5;-3.1997433332;67.4588332219
437aab3f88a56f32a428df1fc6b2c140bebd28cdf7601a767854c5b41e8d52c5;1518087775.0;-4.25270832187;67.1846629042
437aab3f88a56f32a428df1fc6b2c140bebd28cdf7601a767854c5b41e8d52c5;1518087778.0;-5.20497197994;66.8779401339
437aab3f88a56f32a428df1fc6b2c140bebd28cdf7601a767854c5b41e8d52c5;1518087779.5;-6.0385840272;66.5574443123
437aab3f88a56f32a428df1fc6b2c140bebd28cdf7601a767854c5b41e8d52c5;1518087782.5;-6.74393030391;66.2387498825
437aab3f88a56f32a428df1fc6b2c140bebd28cdf7601a767854c5b41e8d52c5;1518087784.0;-7.31845011313;65.9342443434
437aab3f88a56f32a428df1fc6b2c140bebd28cdf7601a767854c5b41e8d52c5;1518087785.5;-8.96532795598;67.2532701384
437aab3f88a56f32a428df1fc6b2c140bebd28cdf7601a767854c5b41e8d52c5;1518087787.0;-9.24421711202;66.9383599688
437aab3f88a56f32a428df1fc6b2c140bebd28cdf7601a767854c5b41e8d52c5;1518087790.0;-10.5775597524;68.2088974344
437aab3f88a56f32a428df1fc6b2c140bebd28cdf7601a767854c5b41e8d52c5;1518087791.5;-8.14113147455;67.8169715095
437aab3f88a56f32a428df1fc6b2c140bebd28cdf7601a767854c5b41e8d52c5;1518087794.5;-5.66634359332;67.3907519092
437aab3f88a56f32a428df1fc6b2c140bebd28cdf7601a767854c5b41e8d52c5;1518087796.0;-3.2598595446;66.9541461526
437aab3f88a56f32a428df1fc6b2c140bebd28cdf7601a767854c5b41e8d52c5;1518087797.5;-4.60427792384;68.1266957012
437aab3f88a56f32a428df1fc6b2c140bebd28cdf7601a767854c5b41e8d52c5;1518087799.0;-4.81564151028;67.659667512
437aab3f88a56f32a428df1fc6b2c140bebd28cdf7601a767854c5b41e8d52c5;1518087802.0;-6.27210671902;68.7796582602
437aab3f88a56f32a428df1fc6b2c140bebd28cdf7601a767854c5b41e8d52c5;1518087803.5;-6.50639461725;68.2444645284
437aab3f88a56f32a428df1fc6b2c140bebd28cdf7601a767854c5b41e8d52c5;1518087805.0;-7.91356915115;69.2865309618
